# relative_time, cycles_done, cur_item, corpus_count, pending_total, pending_favs, map_size, saved_crashes, saved_hangs, max_depth, execs_per_sec, total_execs, edges_found
61, 0, 0, 73, 73, 7, 16.45%, 0, 0, 2, 108.03, 6433, 546
66, 0, 0, 91, 91, 7, 17.92%, 0, 0, 2, 113.14, 6991, 595
71, 0, 0, 96, 96, 7, 17.92%, 0, 0, 2, 108.69, 7546, 595
76, 0, 0, 116, 116, 7, 20.18%, 0, 0, 2, 107.08, 8090, 670
81, 0, 0, 120, 120, 7, 20.18%, 0, 0, 2, 96.99, 8585, 670
86, 0, 0, 139, 139, 7, 21.33%, 0, 0, 2, 124.87, 9194, 708
92, 0, 0, 139, 139, 7, 21.33%, 0, 0, 2, 149.87, 9996, 708
97, 0, 0, 140, 140, 7, 21.33%, 0, 0, 2, 145.12, 10750, 708
102, 0, 0, 141, 141, 7, 21.33%, 0, 0, 2, 131.99, 11403, 708
107, 0, 103, 142, 139, 96, 21.36%, 0, 0, 3, 131.08, 12071, 709
112, 0, 106, 143, 137, 93, 21.36%, 0, 0, 3, 118.43, 12682, 709
117, 0, 106, 147, 141, 93, 21.54%, 0, 0, 3, 120.37, 13280, 715
122, 0, 106, 150, 144, 93, 21.60%, 0, 0, 3, 115.50, 13869, 717
127, 0, 106, 152, 146, 93, 21.60%, 0, 0, 3, 113.49, 14436, 717
132, 0, 106, 152, 146, 93, 21.60%, 0, 0, 3, 112.76, 15006, 717
137, 0, 106, 152, 146, 93, 21.60%, 0, 0, 3, 108.90, 15543, 717
142, 0, 106, 153, 147, 93, 21.60%, 0, 0, 3, 115.19, 16124, 717
147, 0, 106, 153, 147, 93, 21.60%, 0, 0, 3, 114.88, 16706, 717
152, 0, 106, 154, 148, 93, 21.60%, 0, 0, 3, 114.42, 17291, 717
157, 0, 106, 154, 148, 93, 21.60%, 0, 0, 3, 118.79, 17895, 717
162, 0, 106, 155, 149, 93, 21.60%, 0, 0, 3, 115.07, 18474, 717
167, 0, 106, 155, 149, 93, 21.60%, 0, 0, 3, 115.12, 19058, 717
172, 0, 106, 155, 149, 93, 21.60%, 0, 0, 3, 117.87, 19658, 717
177, 0, 106, 155, 149, 93, 21.60%, 0, 0, 3, 115.97, 20232, 717
182, 0, 106, 155, 149, 93, 21.60%, 0, 0, 3, 115.40, 20818, 717
188, 0, 106, 155, 149, 93, 21.60%, 0, 0, 3, 117.96, 21426, 717
193, 0, 106, 155, 149, 93, 21.60%, 0, 0, 3, 113.69, 22002, 717
198, 0, 106, 155, 149, 93, 21.60%, 0, 0, 3, 115.17, 22588, 717
203, 0, 106, 155, 149, 93, 21.60%, 0, 0, 3, 112.87, 23153, 717
208, 0, 106, 155, 149, 93, 21.60%, 0, 0, 3, 117.82, 23775, 717
213, 0, 106, 155, 149, 93, 21.60%, 0, 0, 3, 115.05, 24351, 717
218, 0, 106, 155, 149, 93, 21.60%, 0, 0, 3, 118.04, 24941, 717
223, 0, 106, 155, 149, 93, 21.60%, 0, 0, 3, 120.85, 25571, 717
229, 0, 106, 155, 149, 93, 21.60%, 0, 0, 3, 121.01, 26193, 717
234, 0, 106, 156, 150, 93, 21.60%, 0, 0, 3, 118.95, 26810, 717
239, 0, 106, 156, 150, 93, 21.60%, 0, 0, 3, 121.18, 27446, 717
244, 0, 106, 156, 150, 93, 21.60%, 0, 0, 3, 120.13, 28072, 717
249, 0, 106, 156, 150, 93, 21.60%, 0, 0, 3, 115.09, 28660, 717
254, 0, 106, 156, 150, 93, 21.60%, 0, 0, 3, 113.67, 29222, 717
259, 0, 106, 156, 150, 93, 21.60%, 0, 0, 3, 116.85, 29816, 717
264, 0, 106, 156, 150, 93, 21.60%, 0, 0, 3, 119.36, 30442, 717
269, 0, 106, 156, 150, 93, 21.60%, 0, 0, 3, 117.22, 31026, 717
274, 0, 106, 156, 150, 93, 21.60%, 0, 0, 3, 119.25, 31618, 717
280, 0, 106, 158, 152, 93, 21.69%, 0, 0, 3, 121.59, 32228, 720
285, 0, 106, 158, 152, 93, 21.69%, 0, 0, 3, 116.79, 32813, 720
290, 0, 106, 158, 152, 93, 21.69%, 0, 0, 3, 116.78, 33421, 720
295, 0, 106, 158, 152, 93, 21.69%, 0, 0, 3, 118.24, 34041, 720
300, 0, 106, 159, 153, 93, 21.69%, 0, 0, 3, 117.44, 34656, 720
305, 0, 106, 159, 153, 93, 21.69%, 0, 0, 3, 109.81, 35204, 720
310, 0, 106, 159, 153, 93, 21.69%, 0, 0, 3, 115.42, 35784, 720
315, 0, 106, 159, 153, 93, 21.69%, 0, 0, 3, 111.01, 36357, 720
321, 0, 106, 159, 153, 93, 21.69%, 0, 0, 3, 118.00, 36991, 720
326, 0, 106, 159, 153, 93, 21.69%, 0, 0, 3, 123.07, 37601, 720
331, 0, 106, 159, 153, 93, 21.69%, 0, 0, 3, 117.07, 38207, 720
336, 0, 146, 159, 152, 99, 21.69%, 0, 0, 3, 121.63, 38834, 720
341, 0, 2, 160, 151, 97, 21.69%, 0, 0, 4, 120.19, 39456, 720
346, 0, 2, 162, 153, 97, 21.72%, 0, 0, 4, 108.82, 39997, 721
351, 0, 2, 162, 153, 97, 21.72%, 0, 0, 4, 94.46, 40463, 721
356, 0, 2, 162, 153, 97, 21.72%, 0, 0, 4, 105.94, 40991, 721
361, 0, 2, 168, 159, 97, 21.75%, 0, 0, 4, 109.14, 41552, 722
366, 0, 165, 169, 159, 100, 21.75%, 0, 0, 4, 118.41, 42146, 722
372, 0, 15, 169, 156, 97, 21.75%, 0, 0, 4, 128.93, 42822, 722
377, 0, 95, 187, 172, 95, 21.87%, 0, 0, 4, 104.40, 43370, 726
382, 0, 95, 199, 184, 95, 21.90%, 0, 0, 4, 91.92, 43823, 727
387, 0, 95, 201, 186, 95, 21.90%, 0, 0, 4, 93.71, 44299, 727
392, 0, 95, 203, 188, 95, 21.90%, 0, 0, 4, 90.93, 44768, 727
397, 0, 95, 205, 190, 95, 21.90%, 0, 0, 4, 101.33, 45281, 727
402, 0, 95, 205, 190, 95, 21.90%, 0, 0, 4, 125.82, 45984, 727
408, 0, 65, 217, 200, 98, 21.99%, 0, 0, 4, 103.52, 46512, 730
413, 0, 65, 222, 205, 98, 22.02%, 0, 0, 4, 91.51, 46948, 731
418, 0, 65, 223, 206, 98, 22.02%, 0, 0, 4, 91.96, 47409, 731
423, 0, 65, 225, 208, 98, 22.02%, 0, 0, 4, 123.12, 48022, 731
428, 0, 224, 225, 207, 100, 22.02%, 0, 0, 4, 126.39, 48698, 731
433, 0, 53, 230, 210, 98, 22.02%, 0, 0, 4, 120.72, 49312, 731
438, 0, 53, 232, 212, 98, 22.14%, 0, 0, 4, 119.61, 49928, 735
443, 0, 53, 234, 214, 98, 22.17%, 0, 0, 4, 117.27, 50511, 736
449, 0, 53, 235, 215, 98, 22.20%, 0, 0, 4, 116.18, 51104, 737
454, 0, 53, 238, 218, 98, 22.23%, 0, 0, 4, 117.20, 51695, 738
459, 0, 53, 238, 218, 98, 22.23%, 0, 0, 4, 118.70, 52309, 738
464, 0, 53, 238, 218, 98, 22.23%, 0, 0, 4, 117.45, 52901, 738
469, 0, 53, 239, 219, 98, 22.23%, 0, 0, 4, 119.93, 53524, 738
474, 0, 53, 239, 219, 98, 22.23%, 0, 0, 4, 107.79, 54056, 738
479, 0, 53, 240, 220, 98, 22.23%, 0, 0, 4, 102.25, 54557, 738
484, 0, 53, 242, 222, 98, 22.23%, 0, 0, 4, 104.73, 55077, 738
489, 0, 53, 242, 222, 98, 22.23%, 0, 0, 4, 115.69, 55661, 738
494, 0, 20, 243, 220, 100, 22.23%, 0, 0, 4, 116.64, 56265, 738
499, 0, 70, 243, 217, 97, 22.23%, 0, 0, 4, 126.94, 56932, 738
504, 0, 23, 244, 216, 95, 22.23%, 0, 0, 4, 127.70, 57573, 738
510, 0, 5, 268, 239, 94, 22.32%, 0, 0, 4, 93.92, 58010, 741
515, 0, 5, 282, 253, 94, 22.44%, 0, 0, 4, 75.29, 58379, 745
520, 0, 5, 285, 256, 94, 22.44%, 0, 0, 4, 71.48, 58761, 745
525, 0, 5, 289, 260, 94, 22.44%, 0, 0, 4, 83.86, 59202, 745
530, 0, 5, 290, 261, 94, 22.44%, 0, 0, 4, 91.35, 59675, 745
535, 0, 5, 290, 261, 94, 22.44%, 0, 0, 4, 118.48, 60268, 745
540, 0, 5, 291, 262, 94, 22.44%, 0, 0, 4, 112.40, 60823, 745
545, 0, 155, 291, 260, 95, 22.44%, 0, 0, 4, 110.98, 61400, 745
551, 0, 7, 296, 264, 94, 22.47%, 0, 0, 4, 91.56, 61865, 746
556, 0, 7, 296, 264, 94, 22.47%, 0, 0, 4, 87.07, 62301, 746
561, 0, 7, 297, 265, 94, 22.47%, 0, 0, 4, 97.84, 62818, 746
566, 0, 107, 297, 262, 92, 22.47%, 0, 0, 4, 112.84, 63405, 746
571, 0, 76, 297, 260, 90, 22.47%, 0, 0, 4, 126.46, 64056, 746
576, 0, 90, 297, 257, 87, 22.47%, 0, 0, 4, 127.43, 64698, 746
581, 0, 79, 297, 253, 83, 22.47%, 0, 0, 4, 132.85, 65388, 746
586, 0, 87, 297, 250, 80, 22.47%, 0, 0, 4, 139.50, 66108, 746
591, 0, 271, 302, 253, 78, 22.47%, 0, 0, 4, 117.21, 66698, 746
596, 0, 271, 304, 255, 78, 22.47%, 0, 0, 4, 104.76, 67218, 746
602, 0, 271, 306, 257, 78, 22.50%, 0, 0, 4, 104.90, 67756, 747
607, 0, 271, 307, 258, 78, 22.56%, 0, 0, 4, 105.72, 68285, 749
612, 0, 271, 309, 260, 78, 22.56%, 0, 0, 4, 106.18, 68817, 749
617, 0, 271, 311, 262, 78, 22.56%, 0, 0, 4, 106.21, 69367, 749
622, 0, 271, 312, 263, 78, 22.56%, 0, 0, 4, 106.46, 69900, 749
627, 0, 271, 312, 263, 78, 22.56%, 0, 0, 4, 107.02, 70442, 749
632, 0, 271, 312, 263, 78, 22.56%, 0, 0, 4, 105.55, 70978, 749
637, 0, 271, 313, 264, 78, 22.56%, 0, 0, 4, 107.50, 71513, 749
642, 0, 158, 315, 264, 79, 22.56%, 0, 0, 4, 116.82, 72104, 749
647, 0, 274, 320, 268, 79, 22.56%, 0, 0, 4, 103.79, 72608, 749
652, 0, 274, 323, 271, 79, 22.56%, 0, 0, 4, 99.97, 73112, 749
657, 0, 274, 325, 273, 79, 22.62%, 0, 0, 4, 101.39, 73631, 751
662, 0, 274, 326, 274, 79, 22.62%, 0, 0, 4, 104.49, 74178, 751
667, 0, 274, 327, 275, 79, 22.62%, 0, 0, 4, 104.61, 74703, 751
673, 0, 274, 328, 276, 79, 22.62%, 0, 0, 4, 103.74, 75226, 751
678, 0, 274, 328, 276, 79, 22.62%, 0, 0, 4, 104.76, 75754, 751
683, 0, 274, 329, 277, 79, 22.62%, 0, 0, 4, 101.13, 76259, 751
688, 0, 274, 331, 279, 79, 22.62%, 0, 0, 4, 102.13, 76773, 751
693, 0, 274, 333, 281, 79, 22.62%, 0, 0, 4, 101.86, 77299, 751
698, 0, 274, 333, 281, 79, 22.62%, 0, 0, 4, 102.72, 77819, 751
703, 0, 274, 333, 281, 79, 22.62%, 0, 0, 4, 101.96, 78333, 751
708, 0, 325, 333, 280, 79, 22.62%, 0, 0, 4, 106.09, 78875, 751
713, 0, 203, 333, 278, 77, 22.62%, 0, 0, 4, 109.06, 79453, 751
718, 0, 234, 334, 277, 75, 22.62%, 0, 0, 4, 106.61, 80009, 751
724, 0, 236, 337, 278, 74, 22.68%, 0, 0, 5, 110.63, 80576, 753
729, 0, 122, 337, 276, 72, 22.68%, 0, 0, 5, 109.37, 81143, 753
734, 0, 176, 341, 278, 70, 22.68%, 0, 0, 5, 107.71, 81695, 753
739, 0, 160, 341, 277, 69, 22.68%, 0, 0, 5, 104.47, 82223, 753
744, 0, 121, 341, 276, 68, 22.68%, 0, 0, 5, 101.10, 82720, 753
749, 0, 248, 341, 274, 66, 22.68%, 0, 0, 5, 105.35, 83270, 753
754, 0, 219, 343, 274, 64, 22.68%, 0, 0, 5, 100.99, 83780, 753
759, 0, 219, 349, 280, 64, 22.68%, 0, 0, 5, 93.21, 84236, 753
764, 0, 219, 350, 281, 64, 22.68%, 0, 0, 5, 92.65, 84708, 753
769, 0, 219, 351, 282, 64, 22.68%, 0, 0, 5, 95.99, 85207, 753
775, 0, 219, 351, 282, 64, 22.68%, 0, 0, 5, 99.13, 85723, 753
780, 0, 219, 351, 282, 64, 22.68%, 0, 0, 5, 100.22, 86237, 753
785, 0, 219, 351, 282, 64, 22.68%, 0, 0, 5, 99.22, 86736, 753
790, 0, 219, 351, 282, 64, 22.68%, 0, 0, 5, 99.63, 87248, 753
795, 0, 219, 352, 283, 64, 22.68%, 0, 0, 5, 99.09, 87760, 753
800, 0, 219, 352, 283, 64, 22.68%, 0, 0, 5, 103.31, 88300, 753
805, 0, 219, 352, 283, 64, 22.68%, 0, 0, 5, 104.28, 88834, 753
810, 0, 219, 352, 283, 64, 22.68%, 0, 0, 5, 103.03, 89346, 753
815, 0, 219, 352, 283, 64, 22.68%, 0, 0, 5, 99.94, 89848, 753
821, 0, 108, 352, 282, 63, 22.68%, 0, 0, 5, 107.58, 90401, 753
826, 0, 105, 354, 282, 61, 22.68%, 0, 0, 5, 113.45, 91005, 753
831, 0, 131, 355, 281, 59, 22.68%, 0, 0, 5, 117.45, 91610, 753
836, 0, 162, 355, 278, 56, 22.68%, 0, 0, 5, 119.18, 92209, 753
841, 0, 110, 357, 278, 53, 22.74%, 0, 0, 5, 122.07, 92837, 755
846, 0, 138, 358, 276, 52, 22.74%, 0, 0, 5, 107.66, 93354, 755
851, 0, 132, 358, 274, 50, 22.74%, 0, 0, 5, 111.76, 93930, 755
856, 0, 233, 359, 272, 47, 22.74%, 0, 0, 5, 115.70, 94528, 755
862, 0, 135, 361, 273, 46, 22.74%, 0, 0, 5, 120.37, 95141, 755
867, 0, 127, 364, 274, 45, 22.80%, 0, 0, 5, 121.30, 95755, 757
872, 0, 133, 364, 272, 43, 22.80%, 0, 0, 5, 119.75, 96360, 757
877, 0, 355, 364, 270, 42, 22.80%, 0, 0, 5, 122.34, 96997, 757
882, 0, 128, 365, 269, 41, 23.01%, 0, 0, 5, 123.04, 97632, 764
887, 0, 123, 365, 267, 39, 23.01%, 0, 0, 5, 122.87, 98242, 764
892, 0, 326, 366, 265, 36, 23.01%, 0, 0, 5, 118.54, 98848, 764
897, 0, 367, 372, 270, 35, 23.01%, 0, 0, 5, 114.99, 99426, 764
902, 0, 356, 373, 269, 35, 23.01%, 0, 0, 5, 127.39, 100099, 764
907, 0, 306, 377, 271, 33, 23.01%, 0, 0, 5, 116.47, 100692, 764
912, 0, 306, 383, 277, 33, 23.01%, 0, 0, 5, 106.29, 101220, 764
918, 0, 306, 386, 280, 33, 23.10%, 0, 0, 5, 104.50, 101751, 767
923, 0, 306, 389, 283, 33, 23.10%, 0, 0, 5, 103.55, 102276, 767
928, 0, 306, 391, 285, 33, 23.10%, 0, 0, 5, 105.42, 102808, 767
933, 0, 306, 392, 286, 33, 23.10%, 0, 0, 5, 107.30, 103347, 767
938, 0, 306, 392, 286, 33, 23.10%, 0, 0, 5, 103.28, 103859, 767
943, 0, 306, 393, 287, 33, 23.10%, 0, 0, 5, 102.20, 104372, 767
948, 0, 306, 393, 287, 33, 23.10%, 0, 0, 5, 100.38, 104892, 767
953, 0, 306, 394, 288, 33, 23.10%, 0, 0, 5, 109.71, 105456, 767
958, 0, 3, 395, 287, 33, 23.10%, 0, 0, 5, 112.17, 106023, 767
963, 0, 323, 395, 284, 30, 23.10%, 0, 0, 5, 117.68, 106619, 767
968, 0, 314, 397, 285, 29, 23.13%, 0, 0, 5, 110.21, 107171, 768
973, 0, 29, 397, 283, 28, 23.13%, 0, 0, 5, 120.57, 107808, 768
979, 0, 74, 397, 279, 24, 23.13%, 0, 0, 5, 128.88, 108493, 768
984, 0, 101, 397, 276, 21, 23.13%, 0, 0, 5, 124.98, 109137, 768
989, 0, 396, 398, 275, 19, 23.13%, 0, 0, 5, 120.17, 109736, 768
994, 0, 100, 398, 272, 16, 23.13%, 0, 0, 5, 120.08, 110337, 768
999, 0, 113, 398, 269, 13, 23.13%, 0, 0, 5, 126.13, 110998, 768
1004, 0, 361, 404, 274, 12, 23.52%, 0, 0, 5, 119.35, 111603, 781
1009, 0, 361, 407, 277, 12, 23.61%, 0, 0, 5, 119.95, 112224, 784
1015, 0, 361, 409, 279, 12, 23.61%, 0, 0, 5, 119.04, 112830, 784
1020, 0, 405, 413, 282, 16, 23.61%, 0, 0, 5, 112.35, 113394, 784
1025, 0, 48, 414, 281, 14, 23.61%, 0, 0, 6, 119.15, 114027, 784
1030, 0, 401, 415, 280, 12, 23.61%, 0, 0, 6, 118.05, 114628, 784
1035, 0, 115, 415, 278, 10, 23.61%, 0, 0, 6, 122.02, 115251, 784
1040, 0, 81, 416, 276, 8, 23.61%, 0, 0, 6, 124.45, 115892, 784
1045, 0, 385, 421, 279, 6, 23.67%, 0, 0, 6, 116.92, 116527, 786
1050, 0, 385, 429, 287, 6, 23.73%, 0, 0, 6, 100.90, 117028, 788
1055, 0, 385, 433, 291, 6, 23.73%, 0, 0, 6, 100.60, 117534, 788
1061, 0, 385, 433, 291, 6, 23.73%, 0, 0, 6, 99.11, 118048, 788
1066, 0, 385, 436, 294, 6, 23.80%, 0, 0, 6, 102.05, 118567, 790
1071, 0, 385, 436, 294, 6, 23.80%, 0, 0, 6, 101.00, 119079, 790
1076, 0, 385, 436, 294, 6, 23.80%, 0, 0, 6, 99.66, 119577, 790
1081, 0, 385, 436, 294, 6, 23.80%, 0, 0, 6, 92.98, 120052, 790
1086, 0, 385, 437, 295, 6, 23.80%, 0, 0, 6, 91.30, 120520, 790
1091, 0, 385, 437, 295, 6, 23.80%, 0, 0, 6, 90.66, 120977, 790
1096, 0, 385, 437, 295, 6, 23.80%, 0, 0, 6, 87.99, 121427, 790
1102, 0, 385, 437, 295, 6, 23.80%, 0, 0, 6, 90.25, 121894, 790
1107, 0, 385, 437, 295, 6, 23.80%, 0, 0, 6, 92.53, 122370, 790
1112, 0, 385, 438, 296, 6, 23.80%, 0, 0, 6, 90.51, 122835, 790
1117, 0, 435, 442, 300, 8, 23.80%, 0, 0, 6, 91.18, 123306, 790
1122, 0, 435, 446, 304, 8, 23.80%, 0, 0, 6, 90.75, 123770, 790
1127, 0, 435, 449, 307, 8, 23.80%, 0, 0, 6, 89.77, 124244, 790
1132, 0, 435, 450, 308, 8, 23.80%, 0, 0, 6, 90.19, 124711, 790
1137, 0, 435, 451, 309, 8, 23.80%, 0, 0, 6, 93.44, 125192, 790
1143, 0, 435, 452, 310, 8, 23.80%, 0, 0, 6, 94.93, 125682, 790
1148, 0, 435, 452, 310, 8, 23.80%, 0, 0, 6, 94.39, 126171, 790
1153, 0, 435, 453, 311, 8, 23.80%, 0, 0, 6, 92.64, 126643, 790
1158, 0, 435, 453, 311, 8, 23.80%, 0, 0, 6, 94.13, 127125, 790
1163, 0, 435, 453, 311, 8, 23.80%, 0, 0, 6, 95.55, 127620, 790
1168, 0, 435, 453, 311, 8, 23.80%, 0, 0, 6, 95.17, 128109, 790
1173, 0, 435, 453, 311, 8, 23.80%, 0, 0, 6, 95.22, 128597, 790
1179, 0, 435, 453, 311, 8, 23.80%, 0, 0, 6, 95.19, 129088, 790
1184, 0, 435, 453, 311, 8, 23.80%, 0, 0, 6, 94.38, 129571, 790
1189, 0, 428, 454, 310, 7, 23.80%, 0, 0, 6, 102.45, 130099, 790
1194, 0, 69, 455, 310, 6, 23.80%, 0, 0, 6, 105.60, 130616, 790
1199, 0, 421, 460, 314, 5, 23.80%, 0, 0, 6, 100.40, 131124, 790
1204, 0, 421, 461, 315, 5, 23.80%, 0, 0, 6, 101.08, 131629, 790
1209, 0, 421, 461, 315, 5, 23.80%, 0, 0, 6, 104.67, 132159, 790
1214, 0, 421, 462, 316, 5, 23.80%, 0, 0, 6, 102.10, 132674, 790
1219, 0, 421, 464, 318, 5, 23.80%, 0, 0, 6, 103.75, 133200, 790
1224, 0, 421, 464, 318, 5, 23.80%, 0, 0, 6, 104.59, 133732, 790
1229, 0, 421, 465, 319, 5, 23.80%, 0, 0, 6, 104.05, 134263, 790
1234, 0, 421, 465, 319, 5, 23.80%, 0, 0, 6, 107.81, 134815, 790
1239, 0, 421, 465, 319, 5, 23.80%, 0, 0, 6, 105.48, 135357, 790
1244, 0, 421, 465, 319, 5, 23.80%, 0, 0, 6, 104.58, 135883, 790
1250, 0, 421, 465, 319, 5, 23.80%, 0, 0, 6, 102.44, 136407, 790
1255, 0, 421, 465, 319, 5, 23.80%, 0, 0, 6, 105.45, 136947, 790
1260, 0, 458, 465, 318, 5, 23.80%, 0, 0, 6, 111.07, 137533, 790
1265, 0, 459, 465, 316, 3, 23.80%, 0, 0, 6, 122.99, 138170, 790
1270, 0, 96, 465, 314, 2, 23.80%, 0, 0, 6, 120.50, 138801, 790
1275, 0, 127, 465, 312, 0, 23.80%, 0, 0, 6, 121.51, 139420, 790
1281, 0, 105, 465, 312, 0, 23.80%, 0, 0, 6, 123.99, 140067, 790
1286, 0, 288, 465, 312, 0, 23.80%, 0, 0, 6, 126.09, 140712, 790
1291, 0, 368, 466, 312, 0, 23.80%, 0, 0, 6, 131.60, 141372, 790
1296, 0, 234, 466, 311, 0, 23.80%, 0, 0, 6, 132.87, 142060, 790
1301, 0, 78, 466, 311, 0, 23.80%, 0, 0, 6, 133.59, 142750, 790
1306, 0, 276, 466, 310, 0, 23.80%, 0, 0, 6, 128.88, 143419, 790
1311, 0, 108, 466, 309, 0, 23.80%, 0, 0, 6, 124.65, 144057, 790
1316, 0, 459, 468, 311, 0, 23.80%, 0, 0, 7, 119.82, 144649, 790
1322, 0, 402, 469, 311, 0, 23.80%, 0, 0, 8, 124.74, 145303, 790
1327, 0, 75, 469, 311, 0, 23.80%, 0, 0, 8, 127.55, 145955, 790
1332, 0, 248, 469, 311, 0, 23.80%, 0, 0, 8, 132.20, 146657, 790
1337, 0, 26, 469, 310, 0, 23.80%, 0, 0, 8, 129.48, 147315, 790
1342, 0, 343, 469, 310, 0, 23.80%, 0, 0, 8, 123.20, 147972, 790
1348, 0, 86, 469, 309, 0, 23.80%, 0, 0, 8, 126.53, 148630, 790
1353, 0, 249, 469, 309, 0, 23.80%, 0, 0, 8, 119.42, 149250, 790
1358, 0, 115, 470, 308, 0, 23.83%, 0, 0, 8, 120.33, 149853, 791
1363, 0, 334, 470, 307, 0, 23.83%, 0, 0, 8, 120.09, 150465, 791
1368, 0, 470, 471, 308, 1, 23.95%, 0, 0, 8, 119.65, 151079, 795
1373, 0, 357, 471, 306, 0, 23.95%, 0, 0, 8, 124.61, 151730, 795
1378, 0, 415, 471, 305, 0, 23.95%, 0, 0, 8, 119.95, 152333, 795
1383, 0, 235, 471, 304, 0, 23.95%, 0, 0, 8, 127.05, 153014, 795
1388, 0, 301, 473, 304, 0, 23.95%, 0, 0, 8, 121.11, 153624, 795
1394, 0, 64, 473, 303, 0, 23.95%, 0, 0, 8, 125.37, 154283, 795
1399, 0, 264, 473, 303, 0, 23.95%, 0, 0, 8, 129.82, 154926, 795
1404, 0, 161, 473, 300, 0, 23.95%, 0, 0, 8, 126.54, 155571, 795
1409, 0, 89, 473, 300, 0, 23.95%, 0, 0, 8, 133.84, 156270, 795
1414, 0, 458, 473, 300, 0, 23.95%, 0, 0, 8, 131.11, 156943, 795
1419, 0, 406, 473, 300, 0, 23.95%, 0, 0, 8, 132.11, 157631, 795
1425, 0, 196, 474, 300, 0, 23.95%, 0, 0, 8, 124.78, 158263, 795
1430, 0, 88, 474, 299, 0, 23.95%, 0, 0, 8, 128.88, 158922, 795
1435, 0, 236, 474, 299, 0, 23.95%, 0, 0, 8, 125.68, 159575, 795
1440, 0, 189, 475, 300, 0, 23.95%, 0, 0, 8, 114.87, 160128, 795
1445, 0, 11, 475, 300, 0, 23.95%, 0, 0, 8, 122.40, 160759, 795
1450, 0, 69, 475, 300, 0, 23.95%, 0, 0, 8, 121.08, 161379, 795
1455, 0, 152, 475, 300, 0, 23.95%, 0, 0, 8, 117.53, 161982, 795
1461, 0, 136, 475, 299, 0, 23.95%, 0, 0, 8, 120.69, 162611, 795
1466, 0, 80, 479, 302, 0, 23.95%, 0, 0, 8, 121.78, 163216, 795
1471, 0, 314, 480, 303, 0, 23.95%, 0, 0, 8, 125.66, 163860, 795
1476, 0, 156, 481, 304, 0, 23.95%, 0, 0, 8, 121.34, 164469, 795
1481, 0, 160, 484, 307, 0, 23.95%, 0, 0, 8, 111.85, 165048, 795
1486, 0, 217, 484, 307, 0, 23.95%, 0, 0, 8, 118.42, 165658, 795
1491, 0, 409, 485, 308, 0, 24.01%, 0, 0, 8, 124.32, 166300, 797
1496, 0, 107, 485, 307, 0, 24.01%, 0, 0, 8, 126.12, 166946, 797
1501, 0, 34, 485, 306, 0, 24.01%, 0, 0, 8, 120.17, 167568, 797
1507, 0, 84, 485, 305, 0, 24.01%, 0, 0, 8, 126.34, 168221, 797
1512, 0, 0, 485, 304, 0, 24.01%, 0, 0, 8, 119.02, 168840, 797
1517, 0, 282, 485, 304, 0, 24.01%, 0, 0, 8, 119.69, 169441, 797
1522, 0, 112, 485, 302, 0, 24.01%, 0, 0, 8, 121.77, 170068, 797
1527, 0, 148, 485, 302, 0, 24.01%, 0, 0, 8, 124.51, 170719, 797
1532, 0, 181, 485, 302, 0, 24.01%, 0, 0, 8, 127.28, 171386, 797
1537, 0, 412, 489, 305, 0, 24.07%, 0, 0, 8, 119.85, 172009, 799
1543, 0, 412, 491, 307, 0, 24.19%, 0, 0, 8, 110.69, 172566, 803
1548, 0, 412, 492, 308, 0, 24.19%, 0, 0, 8, 110.52, 173137, 803
1553, 0, 412, 492, 308, 0, 24.19%, 0, 0, 8, 114.83, 173713, 803
1558, 0, 412, 492, 308, 0, 24.19%, 0, 0, 8, 111.07, 174260, 803
1563, 0, 412, 492, 308, 0, 24.19%, 0, 0, 8, 110.69, 174818, 803
1568, 0, 412, 493, 309, 0, 24.22%, 0, 0, 8, 116.32, 175417, 804
1573, 0, 412, 493, 309, 0, 24.22%, 0, 0, 8, 119.15, 176033, 804
1578, 0, 412, 493, 309, 0, 24.22%, 0, 0, 8, 115.40, 176613, 804
1584, 0, 486, 494, 309, 1, 24.31%, 0, 0, 8, 108.11, 177168, 807
1589, 0, 493, 494, 308, 1, 24.31%, 0, 0, 8, 103.48, 177688, 807
1594, 0, 469, 495, 308, 0, 24.31%, 0, 0, 8, 110.49, 178263, 807
1599, 0, 402, 495, 308, 0, 24.31%, 0, 0, 8, 111.38, 178815, 807
1604, 0, 76, 496, 309, 0, 24.31%, 0, 0, 8, 122.55, 179466, 807
1609, 0, 492, 496, 309, 0, 24.31%, 0, 0, 8, 121.77, 180103, 807
1614, 0, 158, 497, 309, 0, 24.31%, 0, 0, 8, 122.91, 180745, 807
1619, 0, 131, 498, 310, 0, 24.31%, 0, 0, 8, 125.11, 181375, 807
1624, 0, 75, 498, 310, 0, 24.31%, 0, 0, 8, 133.03, 182042, 807
1629, 0, 484, 499, 311, 0, 24.31%, 0, 0, 8, 123.54, 182674, 807
1635, 0, 112, 499, 310, 0, 24.31%, 0, 0, 8, 122.98, 183287, 807
1640, 0, 73, 499, 309, 0, 24.31%, 0, 0, 8, 132.86, 183971, 807
1645, 0, 20, 499, 309, 0, 24.31%, 0, 0, 8, 130.85, 184646, 807
1650, 0, 0, 499, 309, 0, 24.31%, 0, 0, 8, 130.69, 185305, 807
1655, 0, 256, 499, 309, 0, 24.31%, 0, 0, 8, 131.18, 185978, 807
1660, 0, 83, 499, 308, 0, 24.31%, 0, 0, 8, 132.51, 186641, 807
1665, 0, 111, 499, 308, 0, 24.31%, 0, 0, 8, 128.22, 187300, 807
1670, 0, 115, 499, 307, 0, 24.31%, 0, 0, 8, 122.34, 187899, 807
1676, 0, 43, 499, 307, 0, 24.31%, 0, 0, 8, 124.40, 188539, 807
1681, 0, 371, 499, 305, 1, 24.31%, 0, 0, 8, 132.26, 189247, 807
1686, 0, 230, 499, 304, 0, 24.31%, 0, 0, 8, 131.19, 189882, 807
1691, 0, 278, 499, 304, 0, 24.31%, 0, 0, 8, 120.66, 190508, 807
1696, 0, 52, 499, 303, 0, 24.31%, 0, 0, 8, 130.30, 191164, 807
1701, 0, 323, 499, 303, 0, 24.31%, 0, 0, 8, 126.46, 191801, 807
1706, 0, 193, 499, 303, 0, 24.31%, 0, 0, 8, 126.46, 192457, 807
1711, 0, 217, 499, 302, 0, 24.31%, 0, 0, 8, 128.06, 193115, 807
1717, 0, 412, 499, 301, 0, 24.31%, 0, 0, 8, 127.18, 193778, 807
1722, 0, 343, 499, 301, 0, 24.31%, 0, 0, 8, 125.43, 194433, 807
1727, 0, 40, 499, 301, 0, 24.31%, 0, 0, 8, 127.14, 195084, 807
1732, 0, 72, 499, 301, 0, 24.31%, 0, 0, 8, 124.95, 195688, 807
1737, 0, 122, 499, 301, 0, 24.31%, 0, 0, 8, 126.52, 196327, 807
1742, 0, 150, 499, 301, 0, 24.31%, 0, 0, 8, 117.04, 196908, 807
1747, 0, 72, 499, 300, 0, 24.31%, 0, 0, 8, 120.36, 197530, 807
1753, 0, 95, 499, 300, 0, 24.31%, 0, 0, 8, 120.10, 198148, 807
1758, 0, 14, 499, 300, 0, 24.31%, 0, 0, 8, 129.65, 198830, 807
1763, 0, 28, 499, 299, 0, 24.31%, 0, 0, 8, 125.74, 199471, 807
1768, 0, 152, 499, 299, 0, 24.31%, 0, 0, 8, 122.24, 200082, 807
1773, 0, 80, 499, 297, 0, 24.31%, 0, 0, 8, 124.49, 200722, 807
1778, 0, 371, 499, 297, 0, 24.31%, 0, 0, 8, 125.34, 201370, 807
1784, 0, 112, 499, 297, 0, 24.31%, 0, 0, 8, 127.15, 202025, 807
1789, 0, 133, 499, 297, 0, 24.31%, 0, 0, 8, 124.53, 202677, 807
1794, 0, 359, 499, 296, 0, 24.31%, 0, 0, 8, 122.16, 203310, 807
1799, 0, 169, 500, 296, 0, 24.31%, 0, 0, 8, 127.31, 203969, 807
1804, 0, 24, 500, 296, 0, 24.31%, 0, 0, 8, 129.15, 204634, 807
1809, 0, 100, 500, 296, 0, 24.31%, 0, 0, 8, 129.10, 205305, 807
1815, 0, 36, 500, 296, 0, 24.31%, 0, 0, 8, 128.39, 205976, 807
1820, 0, 371, 501, 297, 0, 24.31%, 0, 0, 8, 128.92, 206633, 807
1825, 0, 241, 501, 297, 0, 24.31%, 0, 0, 8, 129.79, 207301, 807
1830, 0, 127, 501, 296, 0, 24.31%, 0, 0, 8, 125.13, 207956, 807
1835, 0, 29, 501, 295, 0, 24.31%, 0, 0, 8, 126.68, 208607, 807
1840, 0, 469, 501, 295, 0, 24.31%, 0, 0, 8, 123.76, 209249, 807
1845, 0, 179, 504, 298, 0, 24.31%, 0, 0, 8, 113.90, 209826, 807
1851, 0, 109, 505, 298, 0, 24.31%, 0, 0, 8, 123.57, 210467, 807
1856, 0, 78, 506, 299, 0, 24.31%, 0, 0, 8, 127.38, 211125, 807
1861, 0, 28, 506, 299, 0, 24.31%, 0, 0, 8, 129.96, 211807, 807
1862, 0, 26, 506, 299, 0, 24.31%, 0, 0, 8, 127.92, 211919, 807
