# relative_time, cycles_done, cur_item, corpus_count, pending_total, pending_favs, map_size, saved_crashes, saved_hangs, max_depth, execs_per_sec, total_execs, edges_found
61, 0, 4, 104, 104, 7, 17.89%, 0, 0, 2, 132.14, 8045, 594
66, 0, 4, 123, 123, 7, 19.25%, 0, 0, 2, 133.36, 8662, 639
71, 0, 4, 123, 123, 7, 19.25%, 0, 0, 2, 214.95, 9862, 639
76, 0, 4, 128, 128, 7, 19.40%, 0, 0, 2, 168.26, 10708, 644
81, 0, 4, 133, 133, 7, 19.64%, 0, 0, 2, 150.54, 11434, 652
86, 0, 4, 134, 134, 7, 19.64%, 0, 0, 2, 150.34, 12215, 652
92, 0, 4, 134, 134, 7, 19.64%, 0, 0, 2, 147.02, 12979, 652
97, 0, 4, 134, 134, 7, 19.64%, 0, 0, 2, 150.45, 13748, 652
102, 0, 4, 136, 136, 7, 19.64%, 0, 0, 2, 150.17, 14505, 652
107, 0, 4, 139, 139, 7, 19.67%, 0, 0, 2, 149.50, 15262, 653
112, 0, 4, 140, 140, 7, 19.70%, 0, 0, 2, 148.20, 16033, 654
117, 0, 4, 140, 140, 7, 19.70%, 0, 0, 2, 143.44, 16775, 654
122, 0, 4, 142, 142, 7, 19.73%, 0, 0, 2, 143.75, 17503, 655
127, 0, 4, 142, 142, 7, 19.73%, 0, 0, 2, 144.33, 18239, 655
132, 0, 4, 143, 143, 7, 19.76%, 0, 0, 2, 145.36, 18974, 656
138, 0, 4, 143, 143, 7, 19.76%, 0, 0, 2, 148.76, 19740, 656
143, 0, 4, 146, 146, 7, 19.79%, 0, 0, 2, 146.04, 20489, 657
148, 0, 4, 146, 146, 7, 19.79%, 0, 0, 2, 144.32, 21233, 657
153, 0, 4, 148, 148, 7, 19.79%, 0, 0, 2, 144.27, 21967, 657
158, 0, 4, 148, 148, 7, 19.79%, 0, 0, 2, 143.09, 22687, 657
163, 0, 4, 149, 149, 7, 19.85%, 0, 0, 2, 144.66, 23440, 659
168, 0, 4, 149, 149, 7, 19.85%, 0, 0, 2, 148.46, 24197, 659
173, 0, 4, 149, 149, 7, 19.85%, 0, 0, 2, 150.70, 24981, 659
178, 0, 4, 150, 150, 7, 19.91%, 0, 0, 2, 152.14, 25744, 661
183, 0, 4, 151, 151, 7, 19.91%, 0, 0, 2, 148.47, 26507, 661
188, 0, 4, 151, 151, 7, 19.91%, 0, 0, 2, 149.19, 27261, 661
194, 0, 4, 152, 152, 7, 19.91%, 0, 0, 2, 148.53, 28028, 661
199, 0, 4, 152, 152, 7, 19.91%, 0, 0, 2, 150.15, 28806, 661
204, 0, 4, 154, 154, 7, 19.97%, 0, 0, 2, 148.24, 29572, 663
209, 0, 4, 154, 154, 7, 19.97%, 0, 0, 2, 149.92, 30342, 663
214, 0, 4, 154, 154, 7, 19.97%, 0, 0, 2, 147.35, 31104, 663
220, 0, 4, 154, 154, 7, 19.97%, 0, 0, 2, 146.64, 31870, 663
225, 0, 4, 154, 154, 7, 19.97%, 0, 0, 2, 148.99, 32640, 663
230, 0, 4, 154, 154, 7, 19.97%, 0, 0, 2, 148.93, 33410, 663
235, 0, 4, 154, 154, 7, 19.97%, 0, 0, 2, 147.60, 34182, 663
240, 0, 4, 155, 155, 7, 19.97%, 0, 0, 2, 141.08, 34879, 663
245, 0, 4, 156, 156, 7, 20.12%, 0, 0, 2, 146.23, 35642, 668
250, 0, 4, 157, 157, 7, 20.12%, 0, 0, 2, 146.44, 36375, 668
255, 0, 4, 158, 158, 7, 20.24%, 0, 0, 2, 144.49, 37120, 672
261, 0, 4, 159, 159, 7, 20.33%, 0, 0, 2, 145.25, 37869, 675
266, 0, 4, 160, 160, 7, 20.33%, 0, 0, 2, 142.72, 38614, 675
271, 0, 4, 161, 161, 7, 20.33%, 0, 0, 2, 145.12, 39373, 675
276, 0, 4, 162, 162, 7, 20.42%, 0, 0, 2, 145.15, 40130, 678
281, 0, 4, 163, 163, 7, 20.42%, 0, 0, 2, 144.75, 40863, 678
286, 0, 4, 163, 163, 7, 20.42%, 0, 0, 2, 147.19, 41621, 678
292, 0, 4, 164, 164, 7, 20.60%, 0, 0, 2, 141.93, 42354, 684
297, 0, 4, 164, 164, 7, 20.60%, 0, 0, 2, 141.35, 43088, 684
302, 0, 4, 164, 164, 7, 20.60%, 0, 0, 2, 144.39, 43844, 684
307, 0, 4, 165, 165, 7, 20.66%, 0, 0, 2, 145.95, 44595, 686
312, 0, 4, 167, 167, 7, 20.78%, 0, 0, 2, 147.95, 45355, 690
317, 0, 4, 168, 168, 7, 20.93%, 0, 0, 2, 143.38, 46092, 695
323, 0, 4, 168, 168, 7, 20.93%, 0, 0, 2, 142.70, 46822, 695
328, 0, 4, 168, 168, 7, 20.93%, 0, 0, 2, 144.26, 47564, 695
333, 0, 4, 170, 170, 7, 21.39%, 0, 0, 2, 135.58, 48250, 710
338, 0, 4, 170, 170, 7, 21.39%, 0, 0, 2, 136.13, 48966, 710
343, 0, 4, 170, 170, 7, 21.39%, 0, 0, 2, 145.74, 49726, 710
348, 0, 4, 170, 170, 7, 21.39%, 0, 0, 2, 150.27, 50508, 710
353, 0, 4, 170, 170, 7, 21.39%, 0, 0, 2, 151.82, 51276, 710
358, 0, 4, 170, 170, 7, 21.39%, 0, 0, 2, 152.08, 52047, 710
363, 0, 4, 170, 170, 7, 21.39%, 0, 0, 2, 152.16, 52812, 710
369, 0, 4, 170, 170, 7, 21.39%, 0, 0, 2, 149.60, 53582, 710
374, 0, 4, 171, 171, 7, 21.39%, 0, 0, 2, 149.29, 54359, 710
379, 0, 4, 171, 171, 7, 21.39%, 0, 0, 2, 151.10, 55144, 710
384, 0, 4, 171, 171, 7, 21.39%, 0, 0, 2, 150.43, 55906, 710
389, 0, 4, 171, 171, 7, 21.39%, 0, 0, 2, 144.05, 56611, 710
394, 0, 4, 171, 171, 7, 21.39%, 0, 0, 2, 147.37, 57379, 710
399, 0, 4, 171, 171, 7, 21.39%, 0, 0, 2, 144.28, 58093, 710
405, 0, 4, 171, 171, 7, 21.39%, 0, 0, 2, 137.87, 58807, 710
410, 0, 4, 172, 172, 7, 21.39%, 0, 0, 2, 132.79, 59462, 710
415, 0, 4, 172, 172, 7, 21.39%, 0, 0, 2, 142.09, 60200, 710
420, 0, 4, 172, 172, 7, 21.39%, 0, 0, 2, 140.61, 60926, 710
425, 0, 4, 172, 172, 7, 21.39%, 0, 0, 2, 133.21, 61570, 710
430, 0, 2, 173, 170, 102, 21.42%, 0, 0, 3, 152.29, 62390, 711
435, 0, 2, 175, 172, 102, 21.45%, 0, 0, 3, 119.47, 62951, 712
440, 0, 2, 178, 175, 102, 21.48%, 0, 0, 3, 118.12, 63546, 713
446, 0, 2, 180, 177, 102, 21.48%, 0, 0, 3, 130.68, 64252, 713
451, 0, 2, 181, 178, 102, 21.48%, 0, 0, 3, 124.16, 64889, 713
456, 0, 8, 185, 181, 104, 21.51%, 0, 0, 3, 150.34, 65637, 714
461, 0, 158, 185, 178, 101, 21.51%, 0, 0, 3, 166.21, 66493, 714
466, 0, 168, 193, 185, 100, 21.96%, 0, 0, 3, 137.86, 67166, 729
471, 0, 168, 195, 187, 100, 21.96%, 0, 0, 3, 148.69, 67950, 729
476, 0, 168, 197, 189, 100, 21.96%, 0, 0, 3, 158.70, 68774, 729
481, 0, 168, 197, 189, 100, 21.96%, 0, 0, 3, 164.90, 69599, 729
486, 0, 168, 197, 189, 100, 21.96%, 0, 0, 3, 156.02, 70382, 729
491, 0, 168, 197, 189, 100, 21.96%, 0, 0, 3, 158.99, 71189, 729
496, 0, 168, 197, 189, 100, 21.96%, 0, 0, 3, 161.83, 72017, 729
502, 0, 168, 198, 190, 100, 21.96%, 0, 0, 3, 160.20, 72829, 729
507, 0, 168, 198, 190, 100, 21.96%, 0, 0, 3, 156.82, 73630, 729
512, 0, 168, 198, 190, 100, 21.96%, 0, 0, 3, 160.45, 74431, 729
517, 0, 168, 198, 190, 100, 21.96%, 0, 0, 3, 160.37, 75253, 729
522, 0, 168, 198, 190, 100, 21.96%, 0, 0, 3, 163.92, 76078, 729
527, 0, 168, 199, 191, 100, 21.96%, 0, 0, 3, 164.35, 76910, 729
532, 0, 168, 199, 191, 100, 21.96%, 0, 0, 3, 162.94, 77717, 729
537, 0, 168, 199, 191, 100, 21.96%, 0, 0, 3, 163.38, 78554, 729
542, 0, 168, 199, 191, 100, 21.96%, 0, 0, 3, 161.64, 79370, 729
547, 0, 168, 199, 191, 100, 21.96%, 0, 0, 3, 164.40, 80207, 729
552, 0, 168, 199, 191, 100, 21.96%, 0, 0, 3, 168.19, 81059, 729
557, 0, 168, 199, 191, 100, 21.96%, 0, 0, 3, 165.11, 81866, 729
562, 0, 168, 200, 192, 100, 22.02%, 0, 0, 3, 162.81, 82683, 731
568, 0, 168, 200, 192, 100, 22.02%, 0, 0, 3, 165.81, 83541, 731
573, 0, 168, 200, 192, 100, 22.02%, 0, 0, 3, 167.76, 84390, 731
578, 0, 168, 200, 192, 100, 22.02%, 0, 0, 3, 166.54, 85227, 731
583, 0, 168, 200, 192, 100, 22.02%, 0, 0, 3, 164.71, 86064, 731
588, 0, 168, 200, 192, 100, 22.02%, 0, 0, 3, 144.95, 86802, 731
593, 0, 168, 200, 192, 100, 22.02%, 0, 0, 3, 147.73, 87510, 731
598, 0, 168, 200, 192, 100, 22.02%, 0, 0, 3, 146.21, 88270, 731
603, 0, 168, 200, 192, 100, 22.02%, 0, 0, 3, 160.59, 89097, 731
608, 0, 168, 200, 192, 100, 22.02%, 0, 0, 3, 158.40, 89892, 731
613, 0, 168, 200, 192, 100, 22.02%, 0, 0, 3, 159.87, 90696, 731
618, 0, 168, 200, 192, 100, 22.02%, 0, 0, 3, 158.97, 91533, 731
623, 0, 168, 202, 194, 100, 22.02%, 0, 0, 3, 164.38, 92372, 731
628, 0, 168, 202, 194, 100, 22.02%, 0, 0, 3, 159.22, 93164, 731
633, 0, 168, 202, 194, 100, 22.02%, 0, 0, 3, 162.47, 93977, 731
639, 0, 168, 202, 194, 100, 22.02%, 0, 0, 3, 165.54, 94817, 731
644, 0, 168, 202, 194, 100, 22.02%, 0, 0, 3, 162.79, 95645, 731
649, 0, 168, 202, 194, 100, 22.02%, 0, 0, 3, 163.41, 96467, 731
654, 0, 168, 202, 194, 100, 22.02%, 0, 0, 3, 161.99, 97262, 731
659, 0, 168, 202, 194, 100, 22.02%, 0, 0, 3, 162.18, 98108, 731
664, 0, 168, 203, 195, 100, 22.02%, 0, 0, 3, 158.61, 98898, 731
669, 0, 168, 203, 195, 100, 22.02%, 0, 0, 3, 155.46, 99681, 731
674, 0, 168, 204, 196, 100, 22.08%, 0, 0, 3, 158.13, 100519, 733
679, 0, 168, 204, 196, 100, 22.08%, 0, 0, 3, 156.28, 101317, 733
684, 0, 168, 204, 196, 100, 22.08%, 0, 0, 3, 165.03, 102187, 733
689, 0, 168, 204, 196, 100, 22.08%, 0, 0, 3, 162.91, 103000, 733
695, 0, 168, 204, 196, 100, 22.08%, 0, 0, 3, 159.57, 103813, 733
700, 0, 168, 204, 196, 100, 22.08%, 0, 0, 3, 159.88, 104620, 733
705, 0, 168, 204, 196, 100, 22.08%, 0, 0, 3, 156.17, 105400, 733
710, 0, 168, 204, 196, 100, 22.08%, 0, 0, 3, 159.77, 106204, 733
715, 0, 168, 204, 196, 100, 22.08%, 0, 0, 3, 163.99, 107059, 733
720, 0, 168, 204, 196, 100, 22.08%, 0, 0, 3, 157.83, 107845, 733
725, 0, 168, 205, 197, 100, 22.08%, 0, 0, 3, 162.90, 108707, 733
730, 0, 168, 205, 197, 100, 22.08%, 0, 0, 3, 163.30, 109559, 733
735, 0, 168, 205, 197, 100, 22.08%, 0, 0, 3, 167.12, 110411, 733
740, 0, 168, 205, 197, 100, 22.08%, 0, 0, 3, 171.48, 111269, 733
745, 0, 168, 205, 197, 100, 22.08%, 0, 0, 3, 171.63, 112145, 733
751, 0, 168, 205, 197, 100, 22.08%, 0, 0, 3, 168.32, 112983, 733
756, 0, 168, 205, 197, 100, 22.08%, 0, 0, 3, 168.66, 113826, 733
761, 0, 168, 205, 197, 100, 22.08%, 0, 0, 3, 168.46, 114699, 733
766, 0, 168, 206, 198, 100, 22.14%, 0, 0, 3, 166.71, 115573, 735
771, 0, 168, 206, 198, 100, 22.14%, 0, 0, 3, 170.23, 116431, 735
776, 0, 168, 206, 198, 100, 22.14%, 0, 0, 3, 170.37, 117280, 735
781, 0, 168, 206, 198, 100, 22.14%, 0, 0, 3, 169.01, 118144, 735
786, 0, 185, 206, 197, 109, 22.14%, 0, 0, 3, 163.23, 118958, 735
791, 0, 204, 207, 196, 107, 22.14%, 0, 0, 4, 152.42, 119717, 735
796, 0, 18, 207, 192, 103, 22.14%, 0, 0, 4, 164.26, 120566, 735
802, 0, 82, 209, 191, 100, 22.23%, 0, 0, 4, 162.21, 121433, 738
807, 0, 82, 222, 204, 100, 22.26%, 0, 0, 4, 121.57, 121971, 739
812, 0, 82, 225, 207, 100, 22.26%, 0, 0, 4, 117.09, 122530, 739
817, 0, 82, 231, 213, 100, 22.47%, 0, 0, 4, 138.20, 123262, 746
822, 0, 82, 232, 214, 100, 22.47%, 0, 0, 4, 136.18, 123945, 746
827, 0, 82, 233, 215, 100, 22.47%, 0, 0, 4, 133.97, 124620, 746
832, 0, 82, 233, 215, 100, 22.47%, 0, 0, 4, 133.59, 125308, 746
837, 0, 82, 234, 216, 100, 22.47%, 0, 0, 4, 131.76, 125970, 746
842, 0, 82, 234, 216, 100, 22.47%, 0, 0, 4, 134.00, 126668, 746
847, 0, 82, 235, 217, 100, 22.50%, 0, 0, 4, 133.27, 127359, 747
852, 0, 82, 235, 217, 100, 22.50%, 0, 0, 4, 134.81, 128049, 747
858, 0, 82, 235, 217, 100, 22.50%, 0, 0, 4, 135.31, 128749, 747
863, 0, 82, 236, 218, 100, 22.50%, 0, 0, 4, 135.05, 129430, 747
868, 0, 82, 236, 218, 100, 22.50%, 0, 0, 4, 137.94, 130144, 747
873, 0, 82, 237, 219, 100, 22.50%, 0, 0, 4, 132.00, 130803, 747
878, 0, 82, 238, 220, 100, 22.50%, 0, 0, 4, 134.37, 131498, 747
883, 0, 82, 239, 221, 100, 22.50%, 0, 0, 4, 136.04, 132205, 747
888, 0, 82, 239, 221, 100, 22.50%, 0, 0, 4, 136.51, 132905, 747
894, 0, 82, 239, 221, 100, 22.50%, 0, 0, 4, 136.77, 133613, 747
897, 0, 82, 239, 221, 100, 22.50%, 0, 0, 4, 134.94, 134078, 747
