# relative_time, cycles_done, cur_item, corpus_count, pending_total, pending_favs, map_size, saved_crashes, saved_hangs, max_depth, execs_per_sec, total_execs, edges_found
61, 0, 230, 257, 255, 116, 24.58%, 0, 0, 6, 136.76, 10301, 816
66, 0, 230, 257, 255, 116, 24.58%, 0, 0, 6, 138.56, 11013, 816
71, 0, 230, 257, 255, 116, 24.58%, 0, 0, 6, 140.21, 11731, 816
76, 0, 230, 257, 255, 116, 24.58%, 0, 0, 6, 128.78, 12361, 816
81, 0, 230, 257, 255, 116, 24.58%, 0, 0, 6, 132.57, 13049, 816
86, 0, 230, 257, 255, 116, 24.58%, 0, 0, 6, 137.19, 13731, 816
91, 0, 230, 257, 255, 116, 24.58%, 0, 0, 6, 144.85, 14487, 816
96, 0, 230, 258, 256, 116, 24.64%, 0, 0, 6, 145.57, 15214, 818
101, 0, 230, 258, 256, 116, 24.64%, 0, 0, 6, 144.24, 15966, 818
107, 0, 230, 258, 256, 116, 24.64%, 0, 0, 6, 142.02, 16706, 818
112, 0, 230, 258, 256, 116, 24.64%, 0, 0, 6, 129.18, 17362, 818
117, 0, 230, 258, 256, 116, 24.64%, 0, 0, 6, 129.40, 18000, 818
122, 0, 230, 258, 256, 116, 24.64%, 0, 0, 6, 132.53, 18694, 818
127, 0, 230, 258, 256, 116, 24.64%, 0, 0, 6, 141.74, 19424, 818
132, 0, 230, 259, 257, 116, 24.67%, 0, 0, 6, 136.02, 20127, 819
137, 0, 230, 259, 257, 116, 24.67%, 0, 0, 6, 141.75, 20867, 819
143, 0, 230, 259, 257, 116, 24.67%, 0, 0, 6, 140.00, 21595, 819
148, 0, 230, 259, 257, 116, 24.67%, 0, 0, 6, 141.40, 22327, 819
153, 0, 230, 260, 258, 116, 24.67%, 0, 0, 6, 145.95, 23080, 819
158, 0, 230, 261, 259, 116, 24.67%, 0, 0, 6, 145.80, 23835, 819
163, 0, 230, 261, 259, 116, 24.67%, 0, 0, 6, 142.45, 24563, 819
168, 0, 230, 261, 259, 116, 24.67%, 0, 0, 6, 140.32, 25297, 819
174, 0, 230, 261, 259, 116, 24.67%, 0, 0, 6, 138.58, 26031, 819
179, 0, 230, 261, 259, 116, 24.67%, 0, 0, 6, 138.00, 26735, 819
184, 0, 230, 261, 259, 116, 24.67%, 0, 0, 6, 126.05, 27372, 819
189, 0, 230, 261, 259, 116, 24.67%, 0, 0, 6, 138.70, 28102, 819
194, 0, 230, 261, 259, 116, 24.67%, 0, 0, 6, 135.28, 28814, 819
200, 0, 230, 261, 259, 116, 24.67%, 0, 0, 6, 136.31, 29518, 819
205, 0, 230, 261, 259, 116, 24.67%, 0, 0, 6, 135.85, 30220, 819
210, 0, 230, 261, 259, 116, 24.67%, 0, 0, 6, 140.89, 30954, 819
215, 0, 230, 262, 260, 116, 24.67%, 0, 0, 6, 138.29, 31645, 819
220, 0, 230, 263, 261, 116, 24.67%, 0, 0, 6, 140.94, 32370, 819
225, 0, 230, 263, 261, 116, 24.67%, 0, 0, 6, 135.06, 33070, 819
230, 0, 230, 263, 261, 116, 24.67%, 0, 0, 6, 131.39, 33744, 819
235, 0, 230, 263, 261, 116, 24.67%, 0, 0, 6, 139.04, 34454, 819
241, 0, 230, 263, 261, 116, 24.67%, 0, 0, 6, 141.36, 35202, 819
246, 0, 230, 263, 261, 116, 24.67%, 0, 0, 6, 143.63, 35946, 819
251, 0, 230, 263, 261, 116, 24.67%, 0, 0, 6, 144.22, 36688, 819
256, 0, 230, 263, 261, 116, 24.67%, 0, 0, 6, 142.93, 37430, 819
261, 0, 230, 263, 261, 116, 24.67%, 0, 0, 6, 142.56, 38170, 819
267, 0, 230, 263, 261, 116, 24.67%, 0, 0, 6, 142.05, 38906, 819
272, 0, 230, 263, 261, 116, 24.67%, 0, 0, 6, 146.06, 39644, 819
277, 0, 230, 263, 261, 116, 24.67%, 0, 0, 6, 141.43, 40370, 819
282, 0, 230, 263, 261, 116, 24.67%, 0, 0, 6, 141.22, 41076, 819
287, 0, 230, 263, 261, 116, 24.67%, 0, 0, 6, 146.07, 41824, 819
292, 0, 230, 263, 261, 116, 24.67%, 0, 0, 6, 147.28, 42562, 819
297, 0, 230, 263, 261, 116, 24.67%, 0, 0, 6, 142.51, 43254, 819
302, 0, 230, 264, 262, 116, 24.70%, 0, 0, 6, 145.30, 44007, 820
307, 0, 230, 264, 262, 116, 24.70%, 0, 0, 6, 142.83, 44723, 820
312, 0, 230, 264, 262, 116, 24.70%, 0, 0, 6, 143.13, 45441, 820
317, 0, 230, 264, 262, 116, 24.70%, 0, 0, 6, 139.41, 46179, 820
323, 0, 230, 264, 262, 116, 24.70%, 0, 0, 6, 129.80, 46841, 820
328, 0, 230, 264, 262, 116, 24.70%, 0, 0, 6, 139.25, 47537, 820
333, 0, 230, 264, 262, 116, 24.70%, 0, 0, 6, 133.15, 48203, 820
338, 0, 230, 264, 262, 116, 24.70%, 0, 0, 6, 125.77, 48806, 820
343, 0, 230, 264, 262, 116, 24.70%, 0, 0, 6, 135.39, 49502, 820
348, 0, 230, 264, 262, 116, 24.70%, 0, 0, 6, 140.18, 50240, 820
353, 0, 230, 264, 262, 116, 24.70%, 0, 0, 6, 140.36, 50942, 820
358, 0, 230, 264, 262, 116, 24.70%, 0, 0, 6, 141.07, 51664, 820
363, 0, 230, 264, 262, 116, 24.70%, 0, 0, 6, 140.03, 52380, 820
368, 0, 230, 264, 262, 116, 24.70%, 0, 0, 6, 141.55, 53100, 820
374, 0, 230, 264, 262, 116, 24.70%, 0, 0, 6, 143.48, 53840, 820
379, 0, 230, 264, 262, 116, 24.70%, 0, 0, 6, 142.37, 54568, 820
384, 0, 94, 264, 260, 122, 24.70%, 0, 0, 6, 173.86, 55479, 820
389, 0, 78, 264, 257, 119, 24.70%, 0, 0, 6, 167.11, 56312, 820
394, 0, 88, 264, 255, 116, 24.70%, 0, 0, 6, 177.61, 57234, 820
399, 0, 60, 264, 253, 114, 24.70%, 0, 0, 6, 162.92, 58067, 820
404, 0, 0, 264, 252, 113, 24.70%, 0, 0, 6, 158.70, 58851, 820
410, 0, 262, 264, 249, 110, 24.70%, 0, 0, 6, 169.25, 59766, 820
415, 0, 262, 268, 253, 110, 24.70%, 0, 0, 7, 147.77, 60441, 820
420, 0, 262, 269, 254, 110, 24.70%, 0, 0, 7, 144.15, 61159, 820
425, 0, 262, 269, 254, 110, 24.70%, 0, 0, 7, 150.64, 61937, 820
430, 0, 262, 269, 254, 110, 24.70%, 0, 0, 7, 146.67, 62681, 820
435, 0, 262, 269, 254, 110, 24.70%, 0, 0, 7, 145.33, 63429, 820
440, 0, 262, 269, 254, 110, 24.70%, 0, 0, 7, 147.80, 64185, 820
445, 0, 262, 270, 255, 110, 24.70%, 0, 0, 7, 145.39, 64929, 820
451, 0, 262, 271, 256, 110, 24.70%, 0, 0, 7, 149.88, 65707, 820
456, 0, 262, 271, 256, 110, 24.70%, 0, 0, 7, 150.44, 66486, 820
461, 0, 262, 271, 256, 110, 24.70%, 0, 0, 7, 149.93, 67264, 820
466, 0, 262, 272, 257, 110, 24.73%, 0, 0, 7, 148.21, 68015, 821
471, 0, 262, 272, 257, 110, 24.73%, 0, 0, 7, 147.24, 68771, 821
476, 0, 262, 272, 257, 110, 24.73%, 0, 0, 7, 143.62, 69491, 821
482, 0, 262, 272, 257, 110, 24.73%, 0, 0, 7, 142.03, 70219, 821
487, 0, 262, 272, 257, 110, 24.73%, 0, 0, 7, 130.67, 70870, 821
492, 0, 262, 272, 257, 110, 24.73%, 0, 0, 7, 144.07, 71606, 821
497, 0, 262, 272, 257, 110, 24.73%, 0, 0, 7, 151.66, 72369, 821
502, 0, 262, 272, 257, 110, 24.73%, 0, 0, 7, 152.25, 73146, 821
507, 0, 262, 272, 257, 110, 24.73%, 0, 0, 7, 157.63, 73941, 821
512, 0, 262, 272, 257, 110, 24.73%, 0, 0, 7, 151.81, 74691, 821
517, 0, 262, 272, 257, 110, 24.73%, 0, 0, 7, 156.83, 75481, 821
522, 0, 262, 272, 257, 110, 24.73%, 0, 0, 7, 158.13, 76291, 821
527, 0, 262, 272, 257, 110, 24.73%, 0, 0, 7, 154.89, 77059, 821
532, 0, 262, 272, 257, 110, 24.73%, 0, 0, 7, 154.34, 77845, 821
537, 0, 262, 272, 257, 110, 24.73%, 0, 0, 7, 150.45, 78604, 821
542, 0, 262, 272, 257, 110, 24.73%, 0, 0, 7, 154.84, 79396, 821
547, 0, 262, 272, 257, 110, 24.73%, 0, 0, 7, 157.97, 80209, 821
552, 0, 262, 272, 257, 110, 24.73%, 0, 0, 7, 155.86, 80995, 821
557, 0, 262, 272, 257, 110, 24.73%, 0, 0, 7, 154.10, 81772, 821
563, 0, 262, 272, 257, 110, 24.73%, 0, 0, 7, 156.70, 82591, 821
568, 0, 262, 272, 257, 110, 24.73%, 0, 0, 7, 157.14, 83380, 821
573, 0, 262, 272, 257, 110, 24.73%, 0, 0, 7, 153.15, 84140, 821
578, 0, 262, 272, 257, 110, 24.73%, 0, 0, 7, 150.53, 84909, 821
583, 0, 262, 272, 257, 110, 24.73%, 0, 0, 7, 150.73, 85677, 821
588, 0, 262, 272, 257, 110, 24.73%, 0, 0, 7, 154.96, 86481, 821
593, 0, 262, 272, 257, 110, 24.73%, 0, 0, 7, 150.53, 87237, 821
598, 0, 262, 272, 257, 110, 24.73%, 0, 0, 7, 149.59, 87990, 821
604, 0, 262, 272, 257, 110, 24.73%, 0, 0, 7, 156.69, 88807, 821
609, 0, 262, 272, 257, 110, 24.73%, 0, 0, 7, 152.02, 89569, 821
614, 0, 262, 272, 257, 110, 24.73%, 0, 0, 7, 154.99, 90355, 821
619, 0, 262, 272, 257, 110, 24.73%, 0, 0, 7, 152.75, 91126, 821
624, 0, 262, 272, 257, 110, 24.73%, 0, 0, 7, 149.53, 91888, 821
629, 0, 262, 272, 257, 110, 24.73%, 0, 0, 7, 151.21, 92647, 821
634, 0, 262, 272, 257, 110, 24.73%, 0, 0, 7, 158.25, 93442, 821
639, 0, 262, 272, 257, 110, 24.73%, 0, 0, 7, 150.30, 94200, 821
644, 0, 262, 272, 257, 110, 24.73%, 0, 0, 7, 154.17, 94978, 821
649, 0, 262, 272, 257, 110, 24.73%, 0, 0, 7, 156.43, 95758, 821
654, 0, 262, 272, 257, 110, 24.73%, 0, 0, 7, 156.39, 96550, 821
659, 0, 262, 272, 257, 110, 24.73%, 0, 0, 7, 158.36, 97345, 821
664, 0, 262, 272, 257, 110, 24.73%, 0, 0, 7, 160.10, 98143, 821
669, 0, 262, 272, 257, 110, 24.73%, 0, 0, 7, 154.49, 98911, 821
674, 0, 262, 272, 257, 110, 24.73%, 0, 0, 7, 156.70, 99709, 821
679, 0, 262, 272, 257, 110, 24.73%, 0, 0, 7, 157.29, 100492, 821
684, 0, 262, 272, 257, 110, 24.73%, 0, 0, 7, 154.52, 101287, 821
689, 0, 262, 272, 257, 110, 24.73%, 0, 0, 7, 152.72, 102058, 821
695, 0, 262, 272, 257, 110, 24.73%, 0, 0, 7, 154.70, 102850, 821
700, 0, 262, 272, 257, 110, 24.73%, 0, 0, 7, 154.65, 103645, 821
705, 0, 262, 272, 257, 110, 24.73%, 0, 0, 7, 150.51, 104416, 821
710, 0, 262, 272, 257, 110, 24.73%, 0, 0, 7, 150.45, 105184, 821
715, 0, 262, 272, 257, 110, 24.73%, 0, 0, 7, 156.64, 105997, 821
720, 0, 262, 272, 257, 110, 24.73%, 0, 0, 7, 158.06, 106819, 821
725, 0, 262, 272, 257, 110, 24.73%, 0, 0, 7, 154.23, 107599, 821
730, 0, 262, 272, 257, 110, 24.73%, 0, 0, 7, 156.38, 108391, 821
736, 0, 262, 272, 257, 110, 24.73%, 0, 0, 7, 152.77, 109157, 821
741, 0, 262, 272, 257, 110, 24.73%, 0, 0, 7, 151.17, 109931, 821
746, 0, 262, 272, 257, 110, 24.73%, 0, 0, 7, 156.44, 110726, 821
751, 0, 262, 272, 257, 110, 24.73%, 0, 0, 7, 161.91, 111541, 821
756, 0, 204, 272, 255, 110, 24.73%, 0, 0, 7, 146.65, 112297, 821
761, 0, 250, 272, 253, 108, 24.73%, 0, 0, 7, 162.29, 113134, 821
766, 0, 191, 272, 252, 107, 24.73%, 0, 0, 7, 157.84, 113936, 821
771, 0, 81, 284, 263, 106, 24.82%, 0, 0, 7, 131.11, 114598, 824
776, 0, 81, 290, 269, 106, 24.85%, 0, 0, 7, 107.89, 115102, 825
781, 0, 81, 293, 272, 106, 24.85%, 0, 0, 7, 132.94, 115741, 825
787, 0, 81, 294, 273, 106, 24.85%, 0, 0, 7, 171.64, 116691, 825
792, 0, 81, 295, 274, 106, 24.85%, 0, 0, 7, 178.87, 117598, 825
797, 0, 81, 296, 275, 106, 24.85%, 0, 0, 7, 181.53, 118505, 825
802, 0, 81, 296, 275, 106, 24.85%, 0, 0, 7, 180.03, 119405, 825
807, 0, 81, 298, 277, 106, 24.85%, 0, 0, 7, 177.05, 120286, 825
812, 0, 81, 299, 278, 106, 24.85%, 0, 0, 7, 177.83, 121178, 825
817, 0, 81, 300, 279, 106, 24.85%, 0, 0, 7, 180.57, 122082, 825
822, 0, 81, 301, 280, 106, 24.85%, 0, 0, 7, 177.73, 122977, 825
827, 0, 81, 301, 280, 106, 24.85%, 0, 0, 7, 176.28, 123914, 825
832, 0, 81, 301, 280, 106, 24.85%, 0, 0, 7, 182.78, 124868, 825
837, 0, 81, 301, 280, 106, 24.85%, 0, 0, 7, 181.39, 125777, 825
842, 0, 81, 301, 280, 106, 24.85%, 0, 0, 7, 181.16, 126677, 825
847, 0, 81, 301, 280, 106, 24.85%, 0, 0, 7, 182.72, 127631, 825
852, 0, 81, 301, 280, 106, 24.85%, 0, 0, 7, 179.37, 128522, 825
857, 0, 81, 301, 280, 106, 24.85%, 0, 0, 7, 177.47, 129413, 825
862, 0, 81, 301, 280, 106, 24.85%, 0, 0, 7, 181.36, 130325, 825
868, 0, 81, 301, 280, 106, 24.85%, 0, 0, 7, 182.72, 131279, 825
873, 0, 81, 301, 280, 106, 24.85%, 0, 0, 7, 180.08, 132188, 825
878, 0, 81, 301, 280, 106, 24.85%, 0, 0, 7, 181.83, 133136, 825
883, 0, 81, 301, 280, 106, 24.85%, 0, 0, 7, 181.50, 134027, 825
