# relative_time, cycles_done, cur_item, corpus_count, pending_total, pending_favs, map_size, saved_crashes, saved_hangs, max_depth, execs_per_sec, total_execs, edges_found
61, 0, 7, 72, 72, 7, 2.07%, 0, 0, 2, 61.75, 3949, 1357
66, 0, 7, 72, 72, 7, 2.07%, 0, 0, 2, 65.51, 4295, 1357
71, 0, 7, 72, 72, 7, 2.07%, 0, 0, 2, 63.92, 4614, 1357
76, 0, 7, 72, 72, 7, 2.07%, 0, 0, 2, 68.60, 4975, 1357
82, 0, 7, 72, 72, 7, 2.07%, 0, 0, 2, 67.16, 5324, 1357
87, 0, 7, 73, 73, 7, 2.07%, 0, 0, 2, 69.11, 5679, 1358
92, 0, 7, 73, 73, 7, 2.07%, 0, 0, 2, 73.56, 6050, 1358
97, 0, 7, 77, 77, 7, 2.09%, 0, 0, 2, 72.12, 6430, 1371
102, 0, 7, 77, 77, 7, 2.09%, 0, 0, 2, 66.92, 6774, 1371
107, 0, 7, 77, 77, 7, 2.09%, 0, 0, 2, 62.96, 7096, 1371
113, 0, 7, 96, 96, 7, 2.20%, 0, 0, 2, 75.20, 7500, 1445
118, 0, 7, 99, 99, 7, 2.20%, 0, 0, 2, 70.87, 7865, 1445
123, 0, 7, 101, 101, 7, 2.20%, 0, 0, 2, 67.23, 8193, 1445
128, 0, 7, 101, 101, 7, 2.20%, 0, 0, 2, 65.20, 8526, 1445
133, 0, 7, 104, 104, 7, 2.20%, 0, 0, 2, 60.62, 8835, 1445
138, 0, 7, 106, 106, 7, 2.21%, 0, 0, 2, 57.17, 9122, 1446
143, 0, 7, 106, 106, 7, 2.21%, 0, 0, 2, 96.23, 9637, 1446
148, 0, 7, 106, 106, 7, 2.21%, 0, 0, 2, 107.08, 10183, 1446
153, 0, 7, 106, 106, 7, 2.21%, 0, 0, 2, 105.87, 10713, 1446
159, 0, 7, 109, 109, 7, 2.21%, 0, 0, 2, 94.04, 11208, 1449
164, 0, 7, 110, 110, 7, 2.22%, 0, 0, 2, 74.60, 11552, 1453
169, 0, 7, 110, 110, 7, 2.22%, 0, 0, 2, 70.13, 11900, 1453
174, 0, 7, 114, 114, 7, 2.24%, 0, 0, 2, 69.28, 12264, 1469
179, 0, 7, 114, 114, 7, 2.24%, 0, 0, 2, 68.70, 12616, 1469
184, 0, 7, 116, 116, 7, 2.25%, 0, 0, 2, 69.04, 12970, 1473
189, 0, 7, 116, 116, 7, 2.25%, 0, 0, 2, 69.71, 13333, 1473
194, 0, 7, 118, 118, 7, 2.25%, 0, 0, 2, 66.96, 13672, 1473
200, 0, 7, 119, 119, 7, 2.27%, 0, 0, 2, 68.10, 14021, 1485
205, 0, 7, 119, 119, 7, 2.27%, 0, 0, 2, 69.60, 14382, 1485
210, 0, 7, 121, 121, 7, 2.32%, 0, 0, 2, 67.30, 14731, 1522
215, 0, 7, 122, 122, 7, 2.32%, 0, 0, 2, 68.18, 15084, 1522
220, 0, 7, 122, 122, 7, 2.32%, 0, 0, 2, 69.71, 15448, 1522
225, 0, 7, 122, 122, 7, 2.32%, 0, 0, 2, 71.74, 15819, 1522
230, 0, 7, 125, 125, 7, 2.43%, 0, 0, 2, 69.55, 16165, 1592
236, 0, 7, 125, 125, 7, 2.43%, 0, 0, 2, 71.78, 16535, 1592
241, 0, 7, 126, 126, 7, 2.43%, 0, 0, 2, 71.46, 16904, 1592
246, 0, 7, 127, 127, 7, 2.43%, 0, 0, 2, 72.35, 17274, 1592
251, 0, 7, 128, 128, 7, 2.43%, 0, 0, 2, 68.89, 17622, 1593
256, 0, 7, 128, 128, 7, 2.43%, 0, 0, 2, 68.35, 17978, 1593
261, 0, 7, 128, 128, 7, 2.43%, 0, 0, 2, 70.28, 18333, 1593
266, 0, 7, 128, 128, 7, 2.43%, 0, 0, 2, 69.16, 18695, 1593
271, 0, 7, 129, 129, 7, 2.43%, 0, 0, 2, 69.53, 19051, 1593
276, 0, 7, 130, 130, 7, 2.43%, 0, 0, 2, 69.57, 19399, 1593
282, 0, 7, 131, 131, 7, 2.45%, 0, 0, 2, 71.26, 19776, 1605
287, 0, 7, 131, 131, 7, 2.45%, 0, 0, 2, 69.65, 20135, 1605
292, 0, 7, 131, 131, 7, 2.45%, 0, 0, 2, 69.73, 20498, 1605
297, 0, 7, 131, 131, 7, 2.45%, 0, 0, 2, 70.22, 20864, 1605
302, 0, 7, 133, 133, 7, 2.47%, 0, 0, 2, 68.59, 21211, 1622
307, 0, 7, 133, 133, 7, 2.47%, 0, 0, 2, 68.88, 21561, 1622
312, 0, 7, 134, 134, 7, 2.47%, 0, 0, 2, 71.45, 21933, 1622
318, 0, 7, 134, 134, 7, 2.47%, 0, 0, 2, 71.07, 22295, 1622
323, 0, 7, 134, 134, 7, 2.47%, 0, 0, 2, 71.00, 22660, 1622
328, 0, 7, 135, 135, 7, 2.47%, 0, 0, 2, 70.49, 23029, 1622
333, 0, 7, 135, 135, 7, 2.47%, 0, 0, 2, 70.03, 23390, 1622
338, 0, 7, 135, 135, 7, 2.47%, 0, 0, 2, 71.37, 23758, 1622
343, 0, 7, 136, 136, 7, 2.47%, 0, 0, 2, 70.07, 24120, 1622
348, 0, 7, 136, 136, 7, 2.47%, 0, 0, 2, 69.21, 24464, 1622
354, 0, 7, 137, 137, 7, 2.47%, 0, 0, 2, 69.27, 24812, 1622
359, 0, 7, 137, 137, 7, 2.47%, 0, 0, 2, 69.77, 25178, 1622
364, 0, 7, 137, 137, 7, 2.47%, 0, 0, 2, 71.65, 25546, 1622
369, 0, 7, 137, 137, 7, 2.47%, 0, 0, 2, 73.67, 25923, 1622
374, 0, 7, 137, 137, 7, 2.47%, 0, 0, 2, 72.03, 26298, 1622
379, 0, 7, 138, 138, 7, 2.48%, 0, 0, 2, 70.91, 26647, 1628
384, 0, 7, 138, 138, 7, 2.48%, 0, 0, 2, 71.28, 27017, 1628
390, 0, 7, 138, 138, 7, 2.48%, 0, 0, 2, 67.76, 27356, 1628
395, 0, 7, 138, 138, 7, 2.48%, 0, 0, 2, 70.71, 27723, 1628
400, 0, 7, 139, 139, 7, 2.50%, 0, 0, 2, 70.90, 28092, 1640
405, 0, 7, 139, 139, 7, 2.50%, 0, 0, 2, 71.42, 28465, 1640
410, 0, 7, 139, 139, 7, 2.50%, 0, 0, 2, 68.25, 28814, 1640
415, 0, 7, 141, 141, 7, 2.50%, 0, 0, 2, 68.44, 29164, 1640
421, 0, 7, 141, 141, 7, 2.50%, 0, 0, 2, 69.57, 29523, 1640
426, 0, 7, 142, 142, 7, 2.50%, 0, 0, 2, 73.82, 29907, 1641
431, 0, 7, 143, 143, 7, 2.52%, 0, 0, 2, 71.68, 30266, 1653
436, 0, 7, 143, 143, 7, 2.52%, 0, 0, 2, 71.03, 30634, 1653
441, 0, 7, 144, 144, 7, 2.54%, 0, 0, 2, 71.51, 31006, 1666
446, 0, 7, 144, 144, 7, 2.54%, 0, 0, 2, 71.42, 31378, 1666
451, 0, 7, 144, 144, 7, 2.54%, 0, 0, 2, 72.94, 31748, 1666
457, 0, 7, 144, 144, 7, 2.54%, 0, 0, 2, 71.66, 32119, 1666
462, 0, 7, 144, 144, 7, 2.54%, 0, 0, 2, 71.50, 32486, 1666
467, 0, 7, 145, 145, 7, 2.54%, 0, 0, 2, 72.58, 32862, 1666
472, 0, 7, 146, 146, 7, 2.54%, 0, 0, 2, 65.50, 33208, 1666
477, 0, 7, 146, 146, 7, 2.54%, 0, 0, 2, 63.69, 33534, 1666
482, 0, 7, 147, 147, 7, 2.56%, 0, 0, 2, 62.31, 33855, 1676
487, 0, 7, 148, 148, 7, 2.58%, 0, 0, 2, 67.22, 34199, 1689
493, 0, 7, 148, 148, 7, 2.58%, 0, 0, 2, 67.18, 34547, 1689
498, 0, 7, 149, 149, 7, 2.58%, 0, 0, 2, 67.92, 34904, 1689
503, 0, 7, 149, 149, 7, 2.58%, 0, 0, 2, 68.23, 35258, 1689
508, 0, 7, 150, 150, 7, 2.60%, 0, 0, 2, 66.99, 35606, 1701
513, 0, 7, 150, 150, 7, 2.60%, 0, 0, 2, 61.11, 35909, 1701
518, 0, 7, 151, 151, 7, 2.60%, 0, 0, 2, 60.87, 36214, 1701
524, 0, 7, 151, 151, 7, 2.60%, 0, 0, 2, 61.46, 36536, 1701
529, 0, 7, 151, 151, 7, 2.60%, 0, 0, 2, 62.96, 36864, 1701
534, 0, 29, 151, 150, 80, 2.60%, 0, 0, 2, 67.81, 37214, 1701
539, 0, 6, 153, 151, 79, 2.60%, 0, 0, 2, 65.53, 37558, 1702
544, 0, 6, 160, 158, 79, 2.60%, 0, 0, 2, 56.70, 37825, 1705
549, 0, 6, 164, 162, 79, 2.60%, 0, 0, 2, 57.80, 38116, 1707
554, 0, 6, 164, 162, 79, 2.60%, 0, 0, 2, 54.41, 38384, 1707
559, 0, 6, 164, 162, 79, 2.60%, 0, 0, 2, 58.50, 38690, 1707
565, 0, 6, 164, 162, 79, 2.60%, 0, 0, 2, 59.43, 38999, 1707
570, 0, 6, 165, 163, 79, 2.60%, 0, 0, 2, 63.37, 39333, 1707
575, 0, 6, 165, 163, 79, 2.60%, 0, 0, 2, 63.44, 39646, 1707
580, 0, 6, 166, 164, 79, 2.61%, 0, 0, 2, 58.04, 39933, 1712
585, 0, 6, 175, 173, 79, 2.85%, 0, 0, 2, 87.39, 40364, 1869
590, 0, 6, 176, 174, 79, 2.85%, 0, 0, 2, 81.47, 40819, 1869
595, 0, 6, 178, 176, 79, 2.85%, 0, 0, 2, 72.46, 41169, 1871
600, 0, 6, 179, 177, 79, 2.86%, 0, 0, 2, 69.21, 41523, 1872
605, 0, 6, 180, 178, 79, 2.86%, 0, 0, 2, 72.98, 41887, 1877
611, 0, 6, 180, 178, 79, 2.86%, 0, 0, 2, 72.77, 42267, 1877
616, 0, 6, 184, 182, 79, 2.86%, 0, 0, 2, 71.21, 42635, 1877
621, 0, 6, 185, 183, 79, 2.87%, 0, 0, 2, 70.84, 43006, 1883
626, 0, 6, 185, 183, 79, 2.87%, 0, 0, 2, 72.29, 43379, 1883
631, 0, 6, 185, 183, 79, 2.87%, 0, 0, 2, 72.27, 43751, 1883
636, 0, 6, 185, 183, 79, 2.87%, 0, 0, 2, 71.86, 44131, 1883
642, 0, 6, 185, 183, 79, 2.87%, 0, 0, 2, 68.91, 44482, 1883
647, 0, 6, 185, 183, 79, 2.87%, 0, 0, 2, 66.37, 44824, 1883
652, 0, 6, 186, 184, 79, 2.87%, 0, 0, 2, 64.88, 45148, 1883
657, 0, 6, 186, 184, 79, 2.87%, 0, 0, 2, 64.61, 45487, 1883
662, 0, 6, 188, 186, 79, 2.87%, 0, 0, 2, 63.83, 45811, 1884
667, 0, 6, 188, 186, 79, 2.87%, 0, 0, 2, 65.15, 46150, 1884
672, 0, 6, 188, 186, 79, 2.87%, 0, 0, 2, 65.65, 46482, 1884
677, 0, 6, 188, 186, 79, 2.87%, 0, 0, 2, 66.64, 46828, 1884
682, 0, 6, 190, 188, 79, 2.87%, 0, 0, 2, 65.02, 47159, 1884
687, 0, 6, 190, 188, 79, 2.87%, 0, 0, 2, 65.55, 47483, 1884
693, 0, 6, 190, 188, 79, 2.87%, 0, 0, 2, 65.73, 47823, 1884
698, 0, 6, 190, 188, 79, 2.87%, 0, 0, 2, 64.92, 48156, 1884
703, 0, 6, 190, 188, 79, 2.87%, 0, 0, 2, 64.92, 48495, 1884
708, 0, 6, 190, 188, 79, 2.87%, 0, 0, 2, 66.14, 48836, 1884
713, 0, 6, 190, 188, 79, 2.87%, 0, 0, 2, 66.43, 49169, 1884
718, 0, 6, 190, 188, 79, 2.87%, 0, 0, 2, 67.46, 49522, 1884
724, 0, 6, 190, 188, 79, 2.87%, 0, 0, 2, 67.54, 49871, 1884
729, 0, 6, 190, 188, 79, 2.87%, 0, 0, 2, 66.35, 50205, 1884
734, 0, 6, 190, 188, 79, 2.87%, 0, 0, 2, 66.42, 50540, 1884
739, 0, 6, 190, 188, 79, 2.87%, 0, 0, 2, 64.56, 50871, 1884
744, 0, 6, 190, 188, 79, 2.87%, 0, 0, 2, 65.32, 51211, 1884
749, 0, 6, 190, 188, 79, 2.87%, 0, 0, 2, 64.59, 51548, 1884
754, 0, 6, 190, 188, 79, 2.87%, 0, 0, 2, 63.22, 51874, 1884
760, 0, 6, 190, 188, 79, 2.87%, 0, 0, 2, 62.67, 52194, 1884
765, 0, 6, 190, 188, 79, 2.87%, 0, 0, 2, 63.44, 52520, 1884
770, 0, 6, 190, 188, 79, 2.87%, 0, 0, 2, 64.46, 52847, 1884
775, 0, 6, 191, 189, 79, 2.88%, 0, 0, 2, 65.94, 53182, 1888
780, 0, 6, 191, 189, 79, 2.88%, 0, 0, 2, 67.66, 53529, 1888
785, 0, 6, 191, 189, 79, 2.88%, 0, 0, 2, 68.14, 53881, 1888
790, 0, 6, 191, 189, 79, 2.88%, 0, 0, 2, 68.31, 54232, 1888
796, 0, 6, 191, 189, 79, 2.88%, 0, 0, 2, 68.35, 54587, 1888
801, 0, 6, 191, 189, 79, 2.88%, 0, 0, 2, 69.63, 54945, 1888
806, 0, 6, 191, 189, 79, 2.88%, 0, 0, 2, 68.57, 55297, 1888
811, 0, 6, 191, 189, 79, 2.88%, 0, 0, 2, 70.02, 55664, 1888
816, 0, 6, 191, 189, 79, 2.88%, 0, 0, 2, 68.19, 56019, 1888
821, 0, 6, 191, 189, 79, 2.88%, 0, 0, 2, 68.77, 56371, 1888
827, 0, 6, 191, 189, 79, 2.88%, 0, 0, 2, 68.33, 56725, 1888
832, 0, 6, 191, 189, 79, 2.88%, 0, 0, 2, 69.88, 57086, 1888
837, 0, 6, 191, 189, 79, 2.88%, 0, 0, 2, 71.65, 57442, 1888
842, 0, 6, 191, 189, 79, 2.88%, 0, 0, 2, 69.51, 57807, 1888
847, 0, 6, 191, 189, 79, 2.88%, 0, 0, 2, 62.79, 58119, 1888
852, 0, 6, 191, 189, 79, 2.88%, 0, 0, 2, 68.83, 58480, 1888
857, 0, 6, 192, 190, 79, 2.89%, 0, 0, 2, 70.57, 58838, 1891
862, 0, 6, 192, 190, 79, 2.89%, 0, 0, 2, 72.13, 59209, 1891
868, 0, 6, 193, 191, 79, 2.89%, 0, 0, 2, 71.25, 59568, 1891
873, 0, 6, 194, 192, 79, 2.89%, 0, 0, 2, 72.95, 59934, 1892
878, 0, 6, 194, 192, 79, 2.89%, 0, 0, 2, 72.15, 60294, 1892
883, 0, 6, 194, 192, 79, 2.89%, 0, 0, 2, 73.25, 60670, 1892
888, 0, 6, 194, 192, 79, 2.89%, 0, 0, 2, 72.58, 61046, 1892
893, 0, 6, 194, 192, 79, 2.89%, 0, 0, 2, 75.45, 61435, 1892
898, 0, 6, 194, 192, 79, 2.89%, 0, 0, 2, 72.39, 61804, 1892
903, 0, 6, 194, 192, 79, 2.89%, 0, 0, 2, 74.09, 62188, 1892
909, 0, 6, 194, 192, 79, 2.89%, 0, 0, 2, 73.63, 62570, 1892
914, 0, 6, 194, 192, 79, 2.89%, 0, 0, 2, 70.97, 62925, 1892
919, 0, 6, 194, 192, 79, 2.89%, 0, 0, 2, 70.18, 63283, 1892
924, 0, 6, 195, 193, 79, 2.89%, 0, 0, 2, 72.28, 63650, 1894
929, 0, 6, 195, 193, 79, 2.89%, 0, 0, 2, 72.61, 64025, 1894
934, 0, 6, 195, 193, 79, 2.89%, 0, 0, 2, 69.37, 64384, 1894
939, 0, 6, 195, 193, 79, 2.89%, 0, 0, 2, 66.27, 64726, 1894
944, 0, 6, 195, 193, 79, 2.89%, 0, 0, 2, 68.19, 65082, 1894
950, 0, 6, 195, 193, 79, 2.89%, 0, 0, 2, 70.43, 65443, 1894
955, 0, 6, 195, 193, 79, 2.89%, 0, 0, 2, 72.30, 65814, 1894
960, 0, 6, 197, 195, 79, 2.90%, 0, 0, 2, 69.62, 66159, 1901
965, 0, 6, 197, 195, 79, 2.90%, 0, 0, 2, 71.19, 66529, 1901
970, 0, 190, 199, 196, 98, 2.92%, 0, 0, 3, 65.45, 66849, 1912
975, 0, 190, 200, 197, 98, 2.92%, 0, 0, 3, 75.87, 67248, 1914
980, 0, 199, 200, 196, 99, 2.92%, 0, 0, 3, 75.83, 67642, 1914
985, 0, 174, 200, 195, 98, 2.92%, 0, 0, 3, 72.55, 68022, 1914
991, 0, 165, 200, 194, 97, 2.92%, 0, 0, 3, 67.54, 68367, 1914
996, 0, 198, 200, 193, 96, 2.92%, 0, 0, 3, 71.90, 68740, 1914
1001, 0, 5, 200, 191, 94, 2.92%, 0, 0, 3, 75.88, 69135, 1914
1006, 0, 5, 221, 212, 94, 2.92%, 0, 0, 3, 62.33, 69432, 1914
1011, 0, 5, 241, 232, 94, 2.92%, 0, 0, 3, 57.72, 69729, 1916
1017, 0, 5, 251, 242, 94, 2.92%, 0, 0, 3, 55.35, 70005, 1916
1022, 0, 5, 251, 242, 94, 2.92%, 0, 0, 3, 54.12, 70287, 1916
1027, 0, 5, 252, 243, 94, 2.92%, 0, 0, 3, 60.64, 70606, 1916
1032, 0, 5, 252, 243, 94, 2.92%, 0, 0, 3, 61.52, 70918, 1916
1037, 0, 5, 252, 243, 94, 2.92%, 0, 0, 3, 63.47, 71241, 1916
1042, 0, 5, 252, 243, 94, 2.92%, 0, 0, 3, 93.66, 71714, 1916
1047, 0, 5, 254, 245, 94, 2.92%, 0, 0, 3, 82.03, 72128, 1916
1052, 0, 5, 254, 245, 94, 2.92%, 0, 0, 3, 74.27, 72501, 1916
1057, 0, 228, 256, 246, 94, 2.92%, 0, 0, 3, 74.31, 72888, 1916
1062, 0, 204, 256, 244, 92, 2.92%, 0, 0, 3, 72.96, 73258, 1916
1068, 0, 242, 256, 243, 91, 2.92%, 0, 0, 3, 73.85, 73642, 1916
1073, 0, 2, 256, 242, 90, 2.92%, 0, 0, 3, 66.33, 73972, 1916
1078, 0, 2, 258, 244, 90, 2.93%, 0, 0, 3, 59.33, 74276, 1918
1083, 0, 2, 258, 244, 90, 2.93%, 0, 0, 3, 50.96, 74522, 1918
1088, 0, 2, 258, 244, 90, 2.93%, 0, 0, 3, 49.89, 74769, 1918
1093, 0, 2, 258, 244, 90, 2.93%, 0, 0, 3, 50.75, 75024, 1918
1098, 0, 2, 262, 248, 90, 2.93%, 0, 0, 3, 63.74, 75353, 1919
1103, 0, 2, 264, 250, 90, 2.93%, 0, 0, 3, 61.54, 75655, 1919
1108, 0, 122, 270, 255, 92, 3.05%, 0, 0, 3, 59.96, 75969, 1996
1113, 0, 122, 271, 256, 92, 3.05%, 0, 0, 3, 57.54, 76256, 1997
1118, 0, 122, 274, 259, 92, 3.06%, 0, 0, 3, 57.22, 76548, 2006
1123, 0, 122, 277, 262, 92, 3.06%, 0, 0, 3, 69.11, 76882, 2006
1129, 0, 122, 282, 267, 92, 3.07%, 0, 0, 3, 69.78, 77248, 2009
1134, 0, 122, 284, 269, 92, 3.07%, 0, 0, 3, 69.44, 77596, 2011
1139, 0, 122, 286, 271, 92, 3.07%, 0, 0, 3, 69.76, 77957, 2011
1144, 0, 122, 287, 272, 92, 3.07%, 0, 0, 3, 71.08, 78323, 2012
1149, 0, 122, 288, 273, 92, 3.07%, 0, 0, 3, 70.12, 78680, 2012
1154, 0, 122, 288, 273, 92, 3.07%, 0, 0, 3, 71.81, 79054, 2012
1159, 0, 122, 289, 274, 92, 3.07%, 0, 0, 3, 71.22, 79419, 2014
1164, 0, 122, 289, 274, 92, 3.07%, 0, 0, 3, 70.45, 79778, 2014
1169, 0, 122, 291, 276, 92, 3.07%, 0, 0, 3, 71.61, 80140, 2014
1175, 0, 122, 291, 276, 92, 3.07%, 0, 0, 3, 70.85, 80503, 2014
1180, 0, 122, 291, 276, 92, 3.07%, 0, 0, 3, 70.25, 80870, 2014
1185, 0, 122, 291, 276, 92, 3.07%, 0, 0, 3, 72.80, 81243, 2014
1190, 0, 122, 291, 276, 92, 3.07%, 0, 0, 3, 71.57, 81614, 2014
1195, 0, 122, 291, 276, 92, 3.07%, 0, 0, 3, 74.24, 82000, 2014
1200, 0, 122, 291, 276, 92, 3.07%, 0, 0, 3, 72.98, 82376, 2014
1206, 0, 122, 292, 277, 92, 3.07%, 0, 0, 3, 72.91, 82748, 2014
1211, 0, 122, 293, 278, 92, 3.07%, 0, 0, 3, 74.00, 83135, 2014
1216, 0, 122, 293, 278, 92, 3.07%, 0, 0, 3, 74.08, 83517, 2014
1221, 0, 122, 293, 278, 92, 3.07%, 0, 0, 3, 74.16, 83898, 2014
1226, 0, 122, 293, 278, 92, 3.07%, 0, 0, 3, 75.29, 84288, 2014
1231, 0, 122, 293, 278, 92, 3.07%, 0, 0, 3, 76.36, 84684, 2014
1237, 0, 122, 294, 279, 92, 3.08%, 0, 0, 3, 76.57, 85077, 2016
1242, 0, 122, 294, 279, 92, 3.08%, 0, 0, 3, 76.78, 85473, 2016
1247, 0, 122, 294, 279, 92, 3.08%, 0, 0, 3, 74.17, 85860, 2016
1252, 0, 122, 294, 279, 92, 3.08%, 0, 0, 3, 75.10, 86248, 2016
1257, 0, 122, 294, 279, 92, 3.08%, 0, 0, 3, 78.54, 86654, 2016
1262, 0, 122, 295, 280, 92, 3.08%, 0, 0, 3, 77.16, 87047, 2018
1267, 0, 122, 295, 280, 92, 3.08%, 0, 0, 3, 81.51, 87470, 2018
1273, 0, 122, 296, 281, 92, 3.08%, 0, 0, 3, 81.86, 87887, 2018
1278, 0, 122, 296, 281, 92, 3.08%, 0, 0, 3, 82.18, 88312, 2018
1283, 0, 122, 296, 281, 92, 3.08%, 0, 0, 3, 82.12, 88733, 2018
1288, 0, 122, 296, 281, 92, 3.08%, 0, 0, 3, 83.96, 89166, 2018
1293, 0, 122, 296, 281, 92, 3.08%, 0, 0, 3, 84.78, 89605, 2018
1298, 0, 122, 296, 281, 92, 3.08%, 0, 0, 3, 84.41, 90041, 2018
1303, 0, 122, 296, 281, 92, 3.08%, 0, 0, 3, 82.05, 90456, 2018
1309, 0, 122, 296, 281, 92, 3.08%, 0, 0, 3, 81.63, 90876, 2018
1314, 0, 122, 296, 281, 92, 3.08%, 0, 0, 3, 80.84, 91295, 2018
1319, 0, 122, 296, 281, 92, 3.08%, 0, 0, 3, 81.40, 91717, 2018
1324, 0, 122, 296, 281, 92, 3.08%, 0, 0, 3, 82.51, 92139, 2018
1329, 0, 122, 296, 281, 92, 3.08%, 0, 0, 3, 85.08, 92576, 2018
1334, 0, 122, 296, 281, 92, 3.08%, 0, 0, 3, 81.55, 92992, 2018
1340, 0, 122, 296, 281, 92, 3.08%, 0, 0, 3, 82.45, 93425, 2018
1345, 0, 122, 297, 282, 92, 3.08%, 0, 0, 3, 80.13, 93833, 2018
1350, 0, 122, 297, 282, 92, 3.08%, 0, 0, 3, 79.90, 94250, 2018
1355, 0, 122, 297, 282, 92, 3.08%, 0, 0, 3, 79.13, 94655, 2018
1360, 0, 122, 297, 282, 92, 3.08%, 0, 0, 3, 80.99, 95075, 2018
1365, 0, 122, 297, 282, 92, 3.08%, 0, 0, 3, 81.72, 95494, 2018
1371, 0, 122, 297, 282, 92, 3.08%, 0, 0, 3, 79.16, 95896, 2018
1376, 0, 122, 297, 282, 92, 3.08%, 0, 0, 3, 80.78, 96311, 2018
1381, 0, 122, 298, 283, 92, 3.17%, 0, 0, 3, 81.43, 96736, 2076
1386, 0, 122, 298, 283, 92, 3.17%, 0, 0, 3, 82.98, 97162, 2076
1391, 0, 122, 299, 284, 92, 3.17%, 0, 0, 3, 83.40, 97591, 2076
1396, 0, 122, 299, 284, 92, 3.17%, 0, 0, 3, 82.25, 98014, 2076
1401, 0, 122, 299, 284, 92, 3.17%, 0, 0, 3, 85.19, 98456, 2076
1407, 0, 122, 299, 284, 92, 3.17%, 0, 0, 3, 85.00, 98888, 2076
1412, 0, 122, 299, 284, 92, 3.17%, 0, 0, 3, 84.50, 99321, 2076
1417, 0, 122, 299, 284, 92, 3.17%, 0, 0, 3, 84.33, 99758, 2076
1422, 0, 122, 301, 286, 92, 3.17%, 0, 0, 3, 83.83, 100186, 2076
1427, 0, 122, 301, 286, 92, 3.17%, 0, 0, 3, 83.51, 100612, 2076
1432, 0, 122, 301, 286, 92, 3.17%, 0, 0, 3, 81.84, 101033, 2076
1438, 0, 122, 301, 286, 92, 3.17%, 0, 0, 3, 77.98, 101433, 2076
1443, 0, 122, 301, 286, 92, 3.17%, 0, 0, 3, 77.99, 101831, 2076
1448, 0, 122, 301, 286, 92, 3.17%, 0, 0, 3, 79.01, 102235, 2076
1453, 0, 122, 301, 286, 92, 3.17%, 0, 0, 3, 78.27, 102639, 2076
1458, 0, 297, 302, 286, 97, 3.17%, 0, 0, 4, 72.08, 103014, 2076
1463, 0, 297, 305, 289, 97, 3.18%, 0, 0, 4, 72.72, 103368, 2081
1468, 0, 297, 307, 291, 97, 3.18%, 0, 0, 4, 71.97, 103730, 2083
1473, 0, 297, 308, 292, 97, 3.18%, 0, 0, 4, 71.49, 104089, 2085
1478, 0, 297, 308, 292, 97, 3.18%, 0, 0, 4, 72.62, 104461, 2085
1484, 0, 297, 308, 292, 97, 3.18%, 0, 0, 4, 72.19, 104828, 2085
1489, 0, 305, 308, 291, 101, 3.18%, 0, 0, 4, 74.01, 105211, 2085
1494, 0, 308, 309, 291, 101, 3.18%, 0, 0, 5, 78.29, 105617, 2085
1499, 0, 298, 309, 290, 100, 3.18%, 0, 0, 5, 74.97, 105994, 2085
1504, 0, 137, 309, 289, 99, 3.18%, 0, 0, 5, 70.85, 106352, 2085
1509, 0, 4, 313, 292, 98, 3.18%, 0, 0, 5, 71.24, 106705, 2085
1514, 0, 4, 314, 293, 98, 3.18%, 0, 0, 5, 71.00, 107073, 2085
1520, 0, 4, 314, 293, 98, 3.18%, 0, 0, 5, 73.08, 107454, 2085
1525, 0, 4, 314, 293, 98, 3.18%, 0, 0, 5, 73.82, 107833, 2085
1530, 0, 4, 314, 293, 98, 3.18%, 0, 0, 5, 76.08, 108224, 2085
1535, 0, 60, 314, 291, 98, 3.18%, 0, 0, 5, 77.28, 108624, 2085
1540, 0, 131, 315, 291, 97, 3.18%, 0, 0, 5, 75.91, 109003, 2085
1545, 0, 227, 315, 289, 94, 3.18%, 0, 0, 5, 79.74, 109412, 2085
1550, 0, 39, 316, 289, 93, 3.18%, 0, 0, 5, 75.83, 109789, 2085
1555, 0, 98, 316, 287, 91, 3.18%, 0, 0, 5, 75.89, 110182, 2085
1561, 0, 84, 317, 287, 91, 3.18%, 0, 0, 5, 80.45, 110606, 2086
1566, 0, 138, 317, 286, 90, 3.18%, 0, 0, 5, 76.28, 110997, 2086
1571, 0, 119, 317, 284, 88, 3.18%, 0, 0, 5, 76.72, 111391, 2086
1576, 0, 139, 317, 282, 86, 3.18%, 0, 0, 5, 75.19, 111783, 2086
1581, 0, 139, 325, 290, 86, 3.19%, 0, 0, 5, 60.97, 112078, 2090
1586, 0, 139, 325, 290, 86, 3.19%, 0, 0, 5, 56.55, 112357, 2090
1591, 0, 139, 327, 292, 86, 3.19%, 0, 0, 5, 56.46, 112642, 2090
1596, 0, 139, 327, 292, 86, 3.19%, 0, 0, 5, 56.07, 112927, 2090
1602, 0, 139, 328, 293, 86, 3.19%, 0, 0, 5, 75.89, 113362, 2092
1607, 0, 139, 328, 293, 86, 3.19%, 0, 0, 5, 71.91, 113717, 2092
1612, 0, 111, 328, 291, 88, 3.19%, 0, 0, 5, 79.34, 114113, 2092
1617, 0, 203, 328, 289, 86, 3.19%, 0, 0, 5, 80.20, 114533, 2092
1622, 0, 163, 328, 288, 85, 3.19%, 0, 0, 5, 81.57, 114944, 2092
1627, 0, 110, 328, 286, 83, 3.19%, 0, 0, 5, 80.06, 115353, 2092
1632, 0, 149, 328, 284, 81, 3.19%, 0, 0, 5, 78.44, 115759, 2092
1637, 0, 319, 328, 283, 80, 3.19%, 0, 0, 5, 77.08, 116149, 2092
1643, 0, 147, 328, 281, 78, 3.19%, 0, 0, 5, 80.41, 116574, 2092
1648, 0, 325, 328, 280, 77, 3.19%, 0, 0, 5, 79.17, 116982, 2092
1653, 0, 191, 328, 278, 75, 3.19%, 0, 0, 5, 76.89, 117370, 2092
1658, 0, 292, 331, 280, 76, 3.20%, 0, 0, 5, 76.86, 117755, 2098
1663, 0, 130, 331, 278, 74, 3.20%, 0, 0, 5, 78.60, 118166, 2098
1668, 0, 327, 331, 277, 73, 3.20%, 0, 0, 5, 78.50, 118564, 2098
1673, 0, 322, 333, 278, 72, 3.20%, 0, 0, 5, 77.80, 118966, 2099
1678, 0, 326, 333, 276, 71, 3.20%, 0, 0, 5, 83.39, 119402, 2099
1684, 0, 171, 333, 274, 69, 3.20%, 0, 0, 5, 77.14, 119799, 2099
1689, 0, 112, 334, 274, 68, 3.21%, 0, 0, 5, 81.28, 120213, 2104
1694, 0, 76, 334, 272, 67, 3.21%, 0, 0, 5, 78.14, 120615, 2104
1699, 0, 132, 334, 271, 66, 3.21%, 0, 0, 5, 77.70, 121017, 2104
1704, 0, 240, 335, 271, 65, 3.21%, 0, 0, 5, 76.75, 121400, 2104
1709, 0, 328, 335, 269, 63, 3.21%, 0, 0, 5, 81.03, 121828, 2104
1714, 0, 300, 336, 269, 62, 3.21%, 0, 0, 5, 82.91, 122248, 2104
1720, 0, 69, 336, 267, 60, 3.21%, 0, 0, 5, 77.49, 122639, 2104
1725, 0, 140, 336, 266, 59, 3.21%, 0, 0, 5, 78.11, 123040, 2104
1730, 0, 145, 336, 263, 56, 3.21%, 0, 0, 5, 76.95, 123428, 2104
1735, 0, 78, 336, 262, 55, 3.21%, 0, 0, 5, 78.37, 123825, 2104
1740, 0, 307, 336, 260, 53, 3.21%, 0, 0, 5, 80.21, 124253, 2104
1745, 0, 123, 336, 258, 51, 3.21%, 0, 0, 5, 76.84, 124639, 2104
1750, 0, 258, 336, 257, 50, 3.21%, 0, 0, 5, 75.31, 125013, 2104
1756, 0, 118, 336, 255, 48, 3.21%, 0, 0, 5, 76.00, 125410, 2104
1761, 0, 329, 337, 255, 47, 3.21%, 0, 0, 5, 72.74, 125787, 2104
1766, 0, 196, 337, 254, 46, 3.21%, 0, 0, 5, 78.05, 126188, 2104
1771, 0, 90, 337, 252, 44, 3.21%, 0, 0, 5, 81.20, 126601, 2104
1776, 0, 160, 337, 250, 42, 3.21%, 0, 0, 5, 80.15, 127020, 2104
1781, 0, 87, 337, 248, 40, 3.21%, 0, 0, 5, 81.67, 127432, 2104
1787, 0, 105, 337, 246, 38, 3.21%, 0, 0, 5, 80.72, 127852, 2104
1792, 0, 115, 337, 245, 37, 3.21%, 0, 0, 5, 78.04, 128247, 2104
1797, 0, 93, 337, 243, 35, 3.21%, 0, 0, 5, 86.10, 128695, 2104
1802, 0, 70, 342, 247, 34, 3.21%, 0, 0, 5, 73.87, 129061, 2106
1807, 0, 70, 345, 250, 34, 3.21%, 0, 0, 5, 72.23, 129418, 2106
1812, 0, 70, 348, 253, 34, 3.23%, 0, 0, 5, 69.48, 129767, 2115
1817, 0, 70, 349, 254, 34, 3.23%, 0, 0, 5, 70.29, 130128, 2115
1822, 0, 70, 349, 254, 34, 3.23%, 0, 0, 5, 69.91, 130479, 2115
1827, 0, 70, 349, 254, 34, 3.23%, 0, 0, 5, 70.08, 130839, 2115
1832, 0, 70, 349, 254, 34, 3.23%, 0, 0, 5, 69.07, 131181, 2115
1838, 0, 70, 350, 255, 34, 3.23%, 0, 0, 5, 69.40, 131539, 2115
1843, 0, 70, 352, 257, 34, 3.23%, 0, 0, 5, 69.02, 131890, 2115
1848, 0, 70, 352, 257, 34, 3.23%, 0, 0, 5, 67.27, 132232, 2115
1853, 0, 70, 353, 258, 34, 3.23%, 0, 0, 5, 67.38, 132573, 2115
1858, 0, 70, 353, 258, 34, 3.23%, 0, 0, 5, 69.31, 132929, 2115
1861, 0, 70, 353, 258, 34, 3.23%, 0, 0, 5, 71.09, 133158, 2115
